GenOpt(R) Version 3.1.1, March 29, 2016

Lawrence Berkeley National Laboratory
http://simulationresearch.lbl.gov
Michael Wetter, MWetter@lbl.gov

GenOpt Copyright (c) 1998-2016, The Regents of the
University of California, through Lawrence Berkeley
National Laboratory (subject to receipt of any 
required approvals from the U.S. Dept. of Energy).
All rights reserved.
_______________________________________________________________

Results of GPSPSOCCHJ algorithm
Start time: Fri May 07 10:49:41 CEST 2021

All Iterations


Simulation Number	Main Iteration	Sub Iteration	Step Number	f(x)	settings.heart_vntr_D_A_maxAct	settings.heart_vntr_D_0_maxAct	settings.heart_vntr_TS_maxAct	settings.heart_vntr_TR_maxAct	settings.eta_vc	settings.tissues_eta_Ra	settings.tissues_eta_Rv	settings.tissues_eta_C	settings.tissues_chi_R	settings.tissue_chi_C
1	1	1	1	81.02287069860233	9221.88	6.015625E-4	0.11477406	0.1972269	0.1601054	1.545225	0.7	0.4358013	16.0	0.09	Generation 1.
2	2	1	1	262.9526058298787	10021.88	7.215625E-4	0.04477406	0.3872269	0.2701054	2.645225	3.2	0.0358013	24.0	0.89	Generation 1.
3	3	1	1	1000.0	6021.88	0.009101562	0.49477407	0.2772269	0.9801054	0.745225	2.2	0.1058013	13.0	-0.17	Generation 1.
4	4	1	1	2204.403648963409	7021.88	0.0017015625	0.24477406	0.4672269	0.9001054	2.145225	2.3	0.2658013	21.0	0.92	Generation 1.
5	5	1	1	6373.466256472504	7421.88	0.0026015625	0.21477406	0.0672269	0.7601054	1.945225	0.7	0.4558013	8.0	0.0	Generation 1.
6	6	1	1	1000.0	8621.88	0.0049815625	0.17477407	0.1672269	0.8501054	0.345225	3.6	0.7358013	17.0	-0.56	Generation 1.
7	7	1	1	376.66626582134313	5421.88	0.0010415625	0.28477407	0.2972269	0.3201054	2.845225	3.8	0.0858013	8.0	0.7	Generation 1.
8	8	1	1	1000.0	8421.88	0.0014215625	0.32477406	0.3272269	0.6901054	3.045225	0.6	0.4558013	12.0	-0.7	Generation 1.
9	9	1	1	93.08044330796623	5021.88	0.008901563	0.44477406	0.1472269	0.7601054	3.845225	0.7	0.7058013	25.0	0.75	Generation 1.
9	10	1	1	81.02287069860233	9221.88	6.015625E-4	0.11477406	0.1972269	0.1601054	1.545225	0.7	0.4358013	16.0	0.09	Generation 2.
10	11	1	1	243.94800588935598	10021.88	7.215625E-4	0.04477406	0.3772269	0.2701054	2.645225	3.1	0.0458013	24.0	0.87	Generation 2.
11	12	1	1	1000.0	6021.88	0.008841562	0.48477405	0.2772269	0.9501054	0.745225	2.2	0.1158013	13.0	-0.16	Generation 2.
12	13	1	1	2223.2700098103383	7021.88	0.0016615625	0.24477406	0.4572269	0.8801054	2.145225	2.3	0.2758013	21.0	0.89	Generation 2.
13	14	1	1	6189.720274240767	7421.88	0.0025415625	0.20477407	0.0772269	0.7401054	1.945225	0.8	0.4458013	8.0	0.03	Generation 2.
14	15	1	1	1000.0	8421.88	0.0051015625	0.18477406	0.1672269	0.8501054	0.445225	3.5	0.7358013	17.0	-0.52	Generation 2.
15	16	1	1	370.39677854488394	5621.88	0.0010215625	0.27477407	0.2972269	0.3201054	2.845225	3.7	0.0958013	8.0	0.68	Generation 2.
16	17	1	1	1000.0	8221.88	0.0016615625	0.32477406	0.3172269	0.6901054	3.045225	0.6	0.4658013	12.0	-0.66	Generation 2.
16	18	1	1	93.08044330796623	5021.88	0.008901563	0.44477406	0.1472269	0.7601054	3.845225	0.7	0.7058013	25.0	0.75	Generation 2.
16	19	1	1	81.02287069860233	9221.88	6.015625E-4	0.11477406	0.1972269	0.1601054	1.545225	0.7	0.4358013	16.0	0.09	Generation 3.
17	20	1	1	241.12850212137954	10021.88	7.215625E-4	0.05477406	0.3672269	0.2601054	2.545225	2.9	0.0758013	23.0	0.81	Generation 3.
18	21	1	1	1480.5203708754793	6221.88	0.008441563	0.46477407	0.2672269	0.9201054	0.845225	2.1	0.1358013	13.0	-0.15	Generation 3.
19	22	1	1	2257.2419520777494	7221.88	0.0016215625	0.23477405	0.4472269	0.8401054	2.145225	2.2	0.2758013	21.0	0.85	Generation 3.
20	23	1	1	264.62435358077835	7621.88	0.0024015624	0.19477406	0.0972269	0.7001054	2.045225	1.0	0.4158013	9.0	0.1	Generation 3.
21	24	1	1	1000.0	8421.88	0.0052815625	0.19477406	0.1672269	0.8401054	0.645225	3.4	0.7358013	18.0	-0.46	Generation 3.
22	25	1	1	331.09520259609224	5821.88	9.815625E-4	0.26477405	0.2872269	0.3101054	2.745225	3.5	0.1258013	9.0	0.63	Generation 3.
23	26	1	1	1000.0	8221.88	0.0020015624	0.33477405	0.3172269	0.7001054	3.145225	0.6	0.4758013	13.0	-0.59	Generation 3.
23	27	1	1	93.08044330796623	5021.88	0.008901563	0.44477406	0.1472269	0.7601054	3.845225	0.7	0.7058013	25.0	0.75	Generation 3.
23	28	1	1	81.02287069860233	9221.88	6.015625E-4	0.11477406	0.1972269	0.1601054	1.545225	0.7	0.4358013	16.0	0.09	Generation 4.
24	29	1	1	191.2305933115003	9821.88	7.015625E-4	0.06477406	0.3272269	0.2401054	2.345225	2.4	0.1658013	21.0	0.63	Generation 4.
25	30	1	1	1602.4572769196352	7021.88	0.0066215624	0.38477406	0.2472269	0.7501054	1.045225	1.8	0.2058013	14.0	-0.09	Generation 4.
26	31	1	1	2303.575978619706	7621.88	0.0013815626	0.20477407	0.3872269	0.6801054	2.045225	1.8	0.3158013	20.0	0.67	Generation 4.
27	32	1	1	145.74383101250203	8221.88	0.0019815625	0.16477406	0.1672269	0.5901054	2.145225	1.5	0.3358013	12.0	0.28	Generation 4.
28	33	1	1	1000.0	7621.88	0.0061215623	0.25477406	0.1672269	0.8201054	1.345225	2.8	0.7258013	20.0	-0.18	Generation 4.
29	34	1	1	265.152630105313	6621.88	8.815625E-4	0.22477406	0.2672269	0.2701054	2.445225	2.8	0.2058013	11.0	0.5	Generation 4.
30	35	1	1	1000.0	7421.88	0.0036015625	0.36477405	0.2772269	0.7101054	3.345225	0.6	0.5258013	16.0	-0.28	Generation 4.
30	36	1	1	93.08044330796623	5021.88	0.008901563	0.44477406	0.1472269	0.7601054	3.845225	0.7	0.7058013	25.0	0.75	Generation 4.
30	37	1	1	81.02287069860233	9221.88	6.015625E-4	0.11477406	0.1972269	0.1601054	1.545225	0.7	0.4358013	16.0	0.09	Generation 5.
31	38	1	1	150.2581369441114	9821.88	6.815625E-4	0.07477406	0.3072269	0.2301054	2.245225	2.2	0.1958013	20.0	0.56	Generation 5.
32	39	1	1	1637.870044945747	7021.88	0.0063815624	0.37477407	0.2472269	0.7301054	1.045225	1.7	0.2158013	14.0	-0.08	Generation 5.
33	40	1	1	2281.8616438266163	7621.88	0.0013415625	0.20477407	0.3772269	0.6601054	2.045225	1.8	0.3158013	20.0	0.65	Generation 5.
34	41	1	1	138.7534499784888	8421.88	0.0018415625	0.15477405	0.1872269	0.5501054	2.145225	1.7	0.3058013	13.0	0.34	Generation 5.
35	42	1	1	2363.5002939295873	7421.88	0.0062415623	0.26477405	0.1672269	0.8201054	1.445225	2.7	0.7258013	20.0	-0.14	Generation 5.
36	43	1	1	243.58456006669695	7021.88	8.415625E-4	0.21477406	0.2572269	0.2601054	2.345225	2.5	0.2358013	12.0	0.45	Generation 5.
37	44	1	1	1000.0	7421.88	0.0038015626	0.36477405	0.2672269	0.7101054	3.345225	0.6	0.5358013	16.0	-0.24	Generation 5.
37	45	1	1	93.08044330796623	5021.88	0.008901563	0.44477406	0.1472269	0.7601054	3.845225	0.7	0.7058013	25.0	0.75	Generation 5.
37	46	1	1	81.02287069860233	9221.88	6.015625E-4	0.11477406	0.1972269	0.1601054	1.545225	0.7	0.4358013	16.0	0.09	Generation 6.
38	47	1	1	102.71976762467997	9621.88	6.615625E-4	0.08477406	0.2872269	0.2101054	2.045225	1.9	0.2458013	19.0	0.46	Generation 6.
39	48	1	1	1572.7061352630449	7021.88	0.0066215624	0.38477406	0.2572269	0.7401054	0.945225	1.7	0.2058013	14.0	-0.09	Generation 6.
40	49	1	1	2217.0148410659685	7621.88	0.0013815626	0.20477407	0.3872269	0.6801054	1.945225	1.8	0.3158013	20.0	0.68	Generation 6.
41	50	1	1	133.16272952058893	8421.88	0.0017815625	0.15477405	0.1972269	0.5401054	2.145225	1.8	0.2958013	13.0	0.36	Generation 6.
42	51	1	1	1000.0	7621.88	0.0061215623	0.25477406	0.1672269	0.8201054	1.345225	2.8	0.7258013	19.0	-0.18	Generation 6.
43	52	1	1	226.0903902512236	7421.88	7.815625E-4	0.19477406	0.2472269	0.2401054	2.145225	2.1	0.2758013	13.0	0.37	Generation 6.
44	53	1	1	1000.0	7421.88	0.0036015625	0.36477405	0.2772269	0.7101054	3.245225	0.6	0.5258013	16.0	-0.28	Generation 6.
44	54	1	1	93.08044330796623	5021.88	0.008901563	0.44477406	0.1472269	0.7601054	3.845225	0.7	0.7058013	25.0	0.75	Generation 6.
37	46	2	1	81.02287069860233	9221.88	6.015625E-4	0.11477406	0.1972269	0.1601054	1.545225	0.7	0.4358013	16.0	0.09	Minimum point.
37	55	1	1	81.02287069860233	9221.88	6.015625E-4	0.11477406	0.1972269	0.1601054	1.545225	0.7	0.4358013	16.0	0.09	Minimum point of initialization.
44	56	1	1	81.02287069860233	9221.88	6.015625E-4	0.11477406	0.1972269	0.1601054	1.545225	0.7	0.4358013	16.0	0.09	Initial point.
45	57	1	1	81.33225456821674	9421.88	6.015625E-4	0.11477406	0.1972269	0.1601054	1.545225	0.7	0.4358013	16.0	0.09	Cost not reduced at settings.heart_vntr_D_A_maxAct+dsettings.heart_vntr_D_A_maxAct.
46	57	2	1	80.73316782429681	9021.88	6.015625E-4	0.11477406	0.1972269	0.1601054	1.545225	0.7	0.4358013	16.0	0.09	Cost reduced     at settings.heart_vntr_D_A_maxAct-dsettings.heart_vntr_D_A_maxAct.
47	57	3	1	81.15381971638274	9021.88	6.215625E-4	0.11477406	0.1972269	0.1601054	1.545225	0.7	0.4358013	16.0	0.09	Cost not reduced at settings.heart_vntr_D_0_maxAct+dsettings.heart_vntr_D_0_maxAct.
48	57	4	1	81.15399723546034	9021.88	5.815625E-4	0.11477406	0.1972269	0.1601054	1.545225	0.7	0.4358013	16.0	0.09	Cost not reduced at settings.heart_vntr_D_0_maxAct-dsettings.heart_vntr_D_0_maxAct.
49	57	5	1	78.92156869834254	9021.88	6.015625E-4	0.12477406	0.1972269	0.1601054	1.545225	0.7	0.4358013	16.0	0.09	Cost reduced     at settings.heart_vntr_TS_maxAct+dsettings.heart_vntr_TS_maxAct.
50	57	6	1	73.80898026443502	9021.88	6.015625E-4	0.12477406	0.2072269	0.1601054	1.545225	0.7	0.4358013	16.0	0.09	Cost reduced     at settings.heart_vntr_TR_maxAct+dsettings.heart_vntr_TR_maxAct.
51	57	7	1	77.95503042670144	9021.88	6.015625E-4	0.12477406	0.2072269	0.1701054	1.545225	0.7	0.4358013	16.0	0.09	Cost not reduced at settings.eta_vc+dsettings.eta_vc.
52	57	8	1	78.71721166506447	9021.88	6.015625E-4	0.12477406	0.2072269	0.1501054	1.545225	0.7	0.4358013	16.0	0.09	Cost not reduced at settings.eta_vc-dsettings.eta_vc.
53	57	9	1	76.2641902363086	9021.88	6.015625E-4	0.12477406	0.2072269	0.1601054	1.645225	0.7	0.4358013	16.0	0.09	Cost not reduced at settings.tissues_eta_Ra+dsettings.tissues_eta_Ra.
54	57	10	1	76.77004301444416	9021.88	6.015625E-4	0.12477406	0.2072269	0.1601054	1.445225	0.7	0.4358013	16.0	0.09	Cost not reduced at settings.tissues_eta_Ra-dsettings.tissues_eta_Ra.
55	57	11	1	77.91513534632061	9021.88	6.015625E-4	0.12477406	0.2072269	0.1601054	1.545225	0.8	0.4358013	16.0	0.09	Cost not reduced at settings.tissues_eta_Rv+dsettings.tissues_eta_Rv.
56	57	12	1	78.10894237029939	9021.88	6.015625E-4	0.12477406	0.2072269	0.1601054	1.545225	0.6	0.4358013	16.0	0.09	Cost not reduced at settings.tissues_eta_Rv-dsettings.tissues_eta_Rv.
57	57	13	1	77.94725874948702	9021.88	6.015625E-4	0.12477406	0.2072269	0.1601054	1.545225	0.7	0.4458013	16.0	0.09	Cost not reduced at settings.tissues_eta_C+dsettings.tissues_eta_C.
58	57	14	1	78.02250396155978	9021.88	6.015625E-4	0.12477406	0.2072269	0.1601054	1.545225	0.7	0.4258013	16.0	0.09	Cost not reduced at settings.tissues_eta_C-dsettings.tissues_eta_C.
59	57	15	1	80.50930387244675	9021.88	6.015625E-4	0.12477406	0.2072269	0.1601054	1.545225	0.7	0.4358013	17.0	0.09	Cost not reduced at settings.tissues_chi_R+dsettings.tissues_chi_R.
60	57	16	1	74.87342672145925	9021.88	6.015625E-4	0.12477406	0.2072269	0.1601054	1.545225	0.7	0.4358013	15.0	0.09	Cost not reduced at settings.tissues_chi_R-dsettings.tissues_chi_R.
61	57	17	1	78.06018735130998	9021.88	6.015625E-4	0.12477406	0.2072269	0.1601054	1.545225	0.7	0.4358013	16.0	0.1	Cost not reduced at settings.tissue_chi_C+dsettings.tissue_chi_C.
62	57	18	1	96.62987755476527	9021.88	6.015625E-4	0.12477406	0.2072269	0.1601054	1.545225	0.7	0.4358013	16.0	0.08	Cost not reduced at settings.tissue_chi_C-dsettings.tissue_chi_C.
50	57	19	1	73.80898026443502	9021.88	6.015625E-4	0.12477406	0.2072269	0.1601054	1.545225	0.7	0.4358013	16.0	0.09	Global search reduced cost.
63	58	1	1	85.66533564213752	8821.88	6.015625E-4	0.13477406	0.2172269	0.1601054	1.545225	0.7	0.4358013	16.0	0.09	Exploration base, Delta = 1.0.
64	58	2	1	85.44074450072088	8621.88	6.015625E-4	0.13477406	0.2172269	0.1601054	1.545225	0.7	0.4358013	16.0	0.09	Cost reduced     at settings.heart_vntr_D_A_maxAct-dsettings.heart_vntr_D_A_maxAct.
65	58	3	1	85.39289107822317	8621.88	6.215625E-4	0.13477406	0.2172269	0.1601054	1.545225	0.7	0.4358013	16.0	0.09	Cost reduced     at settings.heart_vntr_D_0_maxAct+dsettings.heart_vntr_D_0_maxAct.
66	58	4	1	98.81145376772065	8621.88	6.215625E-4	0.14477406	0.2172269	0.1601054	1.545225	0.7	0.4358013	16.0	0.09	Cost not reduced at settings.heart_vntr_TS_maxAct+dsettings.heart_vntr_TS_maxAct.
67	58	5	1	74.95193479685054	8621.88	6.215625E-4	0.12477406	0.2172269	0.1601054	1.545225	0.7	0.4358013	16.0	0.09	Cost reduced     at settings.heart_vntr_TS_maxAct-dsettings.heart_vntr_TS_maxAct.
68	58	6	1	84.73033468795266	8621.88	6.215625E-4	0.12477406	0.2272269	0.1601054	1.545225	0.7	0.4358013	16.0	0.09	Cost not reduced at settings.heart_vntr_TR_maxAct+dsettings.heart_vntr_TR_maxAct.
69	58	7	1	77.02299486377767	8621.88	6.215625E-4	0.12477406	0.2072269	0.1601054	1.545225	0.7	0.4358013	16.0	0.09	Cost not reduced at settings.heart_vntr_TR_maxAct-dsettings.heart_vntr_TR_maxAct.
70	58	8	1	78.53111767797662	8621.88	6.215625E-4	0.12477406	0.2172269	0.1701054	1.545225	0.7	0.4358013	16.0	0.09	Cost not reduced at settings.eta_vc+dsettings.eta_vc.
71	58	9	1	80.40674985838521	8621.88	6.215625E-4	0.12477406	0.2172269	0.1501054	1.545225	0.7	0.4358013	16.0	0.09	Cost not reduced at settings.eta_vc-dsettings.eta_vc.
72	58	10	1	77.35917431620885	8621.88	6.215625E-4	0.12477406	0.2172269	0.1601054	1.645225	0.7	0.4358013	16.0	0.09	Cost not reduced at settings.tissues_eta_Ra+dsettings.tissues_eta_Ra.
73	58	11	1	82.01475985379226	8621.88	6.215625E-4	0.12477406	0.2172269	0.1601054	1.445225	0.7	0.4358013	16.0	0.09	Cost not reduced at settings.tissues_eta_Ra-dsettings.tissues_eta_Ra.
74	58	12	1	79.62595682526609	8621.88	6.215625E-4	0.12477406	0.2172269	0.1601054	1.545225	0.8	0.4358013	16.0	0.09	Cost not reduced at settings.tissues_eta_Rv+dsettings.tissues_eta_Rv.
75	58	13	1	79.11593541447388	8621.88	6.215625E-4	0.12477406	0.2172269	0.1601054	1.545225	0.6	0.4358013	16.0	0.09	Cost not reduced at settings.tissues_eta_Rv-dsettings.tissues_eta_Rv.
76	58	14	1	96.95823672546081	8621.88	6.215625E-4	0.12477406	0.2172269	0.1601054	1.545225	0.7	0.4458013	16.0	0.09	Cost not reduced at settings.tissues_eta_C+dsettings.tissues_eta_C.
77	58	15	1	79.7761359235603	8621.88	6.215625E-4	0.12477406	0.2172269	0.1601054	1.545225	0.7	0.4258013	16.0	0.09	Cost not reduced at settings.tissues_eta_C-dsettings.tissues_eta_C.
78	58	16	1	81.4289540294704	8621.88	6.215625E-4	0.12477406	0.2172269	0.1601054	1.545225	0.7	0.4358013	17.0	0.09	Cost not reduced at settings.tissues_chi_R+dsettings.tissues_chi_R.
79	58	17	1	77.38197718254207	8621.88	6.215625E-4	0.12477406	0.2172269	0.1601054	1.545225	0.7	0.4358013	15.0	0.09	Cost not reduced at settings.tissues_chi_R-dsettings.tissues_chi_R.
80	58	18	1	78.96222071697088	8621.88	6.215625E-4	0.12477406	0.2172269	0.1601054	1.545225	0.7	0.4358013	16.0	0.1	Cost not reduced at settings.tissue_chi_C+dsettings.tissue_chi_C.
81	58	19	1	79.76065078064245	8621.88	6.215625E-4	0.12477406	0.2172269	0.1601054	1.545225	0.7	0.4358013	16.0	0.08	Cost not reduced at settings.tissue_chi_C-dsettings.tissue_chi_C.
82	58	20	1	77.01443359865232	8821.88	6.015625E-4	0.12477406	0.2072269	0.1601054	1.545225	0.7	0.4358013	16.0	0.09	Cost not reduced at settings.heart_vntr_D_A_maxAct-dsettings.heart_vntr_D_A_maxAct.
83	58	21	1	78.07925652110528	9221.88	6.015625E-4	0.12477406	0.2072269	0.1601054	1.545225	0.7	0.4358013	16.0	0.09	Cost not reduced at settings.heart_vntr_D_A_maxAct+dsettings.heart_vntr_D_A_maxAct.
84	58	22	1	73.6373852386407	9021.88	6.215625E-4	0.12477406	0.2072269	0.1601054	1.545225	0.7	0.4358013	16.0	0.09	Cost reduced     at settings.heart_vntr_D_0_maxAct+dsettings.heart_vntr_D_0_maxAct.
85	58	23	1	79.06121602635449	9021.88	6.215625E-4	0.11477406	0.2072269	0.1601054	1.545225	0.7	0.4358013	16.0	0.09	Cost not reduced at settings.heart_vntr_TS_maxAct-dsettings.heart_vntr_TS_maxAct.
86	58	24	1	79.98233558402637	9021.88	6.215625E-4	0.13477406	0.2072269	0.1601054	1.545225	0.7	0.4358013	16.0	0.09	Cost not reduced at settings.heart_vntr_TS_maxAct+dsettings.heart_vntr_TS_maxAct.
87	58	25	1	79.6597452113499	9021.88	6.215625E-4	0.12477406	0.2172269	0.1601054	1.545225	0.7	0.4358013	16.0	0.09	Cost not reduced at settings.heart_vntr_TR_maxAct+dsettings.heart_vntr_TR_maxAct.
88	58	26	1	78.86175977307376	9021.88	6.215625E-4	0.12477406	0.1972269	0.1601054	1.545225	0.7	0.4358013	16.0	0.09	Cost not reduced at settings.heart_vntr_TR_maxAct-dsettings.heart_vntr_TR_maxAct.
89	58	27	1	77.95523449170831	9021.88	6.215625E-4	0.12477406	0.2072269	0.1701054	1.545225	0.7	0.4358013	16.0	0.09	Cost not reduced at settings.eta_vc+dsettings.eta_vc.
90	58	28	1	97.2728053928752	9021.88	6.215625E-4	0.12477406	0.2072269	0.1501054	1.545225	0.7	0.4358013	16.0	0.09	Cost not reduced at settings.eta_vc-dsettings.eta_vc.
91	58	29	1	76.35335352008734	9021.88	6.215625E-4	0.12477406	0.2072269	0.1601054	1.645225	0.7	0.4358013	16.0	0.09	Cost not reduced at settings.tissues_eta_Ra+dsettings.tissues_eta_Ra.
92	58	30	1	161.37300826099192	9021.88	6.215625E-4	0.12477406	0.2072269	0.1601054	1.445225	0.7	0.4358013	16.0	0.09	Cost not reduced at settings.tissues_eta_Ra-dsettings.tissues_eta_Ra.
93	58	31	1	129.70813407065117	9021.88	6.215625E-4	0.12477406	0.2072269	0.1601054	1.545225	0.8	0.4358013	16.0	0.09	Cost not reduced at settings.tissues_eta_Rv+dsettings.tissues_eta_Rv.
94	58	32	1	78.30979751415151	9021.88	6.215625E-4	0.12477406	0.2072269	0.1601054	1.545225	0.6	0.4358013	16.0	0.09	Cost not reduced at settings.tissues_eta_Rv-dsettings.tissues_eta_Rv.
95	58	33	1	131.671587502102	9021.88	6.215625E-4	0.12477406	0.2072269	0.1601054	1.545225	0.7	0.4458013	16.0	0.09	Cost not reduced at settings.tissues_eta_C+dsettings.tissues_eta_C.
96	58	34	1	78.15388952904453	9021.88	6.215625E-4	0.12477406	0.2072269	0.1601054	1.545225	0.7	0.4258013	16.0	0.09	Cost not reduced at settings.tissues_eta_C-dsettings.tissues_eta_C.
97	58	35	1	80.50936042853093	9021.88	6.215625E-4	0.12477406	0.2072269	0.1601054	1.545225	0.7	0.4358013	17.0	0.09	Cost not reduced at settings.tissues_chi_R+dsettings.tissues_chi_R.
98	58	36	1	76.4350651636975	9021.88	6.215625E-4	0.12477406	0.2072269	0.1601054	1.545225	0.7	0.4358013	15.0	0.09	Cost not reduced at settings.tissues_chi_R-dsettings.tissues_chi_R.
99	58	37	1	76.44752959494592	9021.88	6.215625E-4	0.12477406	0.2072269	0.1601054	1.545225	0.7	0.4358013	16.0	0.1	Cost not reduced at settings.tissue_chi_C+dsettings.tissue_chi_C.
100	58	38	1	78.16517538345774	9021.88	6.215625E-4	0.12477406	0.2072269	0.1601054	1.545225	0.7	0.4358013	16.0	0.08	Cost not reduced at settings.tissue_chi_C-dsettings.tissue_chi_C.
84	58	39	1	73.6373852386407	9021.88	6.215625E-4	0.12477406	0.2072269	0.1601054	1.545225	0.7	0.4358013	16.0	0.09	Local search reduced cost.
101	59	1	1	91.42105289559476	9021.88	6.415625E-4	0.12477406	0.2072269	0.1601054	1.545225	0.7	0.4358013	16.0	0.09	Exploration base, Delta = 1.0.
102	59	2	1	77.78408080654529	8821.88	6.415625E-4	0.12477406	0.2072269	0.1601054	1.545225	0.7	0.4358013	16.0	0.09	Cost reduced     at settings.heart_vntr_D_A_maxAct-dsettings.heart_vntr_D_A_maxAct.
103	59	3	1	77.95231105134783	8821.88	6.615625E-4	0.12477406	0.2072269	0.1601054	1.545225	0.7	0.4358013	16.0	0.09	Cost not reduced at settings.heart_vntr_D_0_maxAct+dsettings.heart_vntr_D_0_maxAct.
104	59	4	1	77.97459638229142	8821.88	6.215625E-4	0.12477406	0.2072269	0.1601054	1.545225	0.7	0.4358013	16.0	0.09	Cost not reduced at settings.heart_vntr_D_0_maxAct-dsettings.heart_vntr_D_0_maxAct.
105	59	5	1	78.8330868384528	8821.88	6.415625E-4	0.11477406	0.2072269	0.1601054	1.545225	0.7	0.4358013	16.0	0.09	Cost not reduced at settings.heart_vntr_TS_maxAct-dsettings.heart_vntr_TS_maxAct.
106	59	6	1	80.04467906797058	8821.88	6.415625E-4	0.13477406	0.2072269	0.1601054	1.545225	0.7	0.4358013	16.0	0.09	Cost not reduced at settings.heart_vntr_TS_maxAct+dsettings.heart_vntr_TS_maxAct.
107	59	7	1	79.5052994972327	8821.88	6.415625E-4	0.12477406	0.2172269	0.1601054	1.545225	0.7	0.4358013	16.0	0.09	Cost not reduced at settings.heart_vntr_TR_maxAct+dsettings.heart_vntr_TR_maxAct.
108	59	8	1	78.80856485684853	8821.88	6.415625E-4	0.12477406	0.1972269	0.1601054	1.545225	0.7	0.4358013	16.0	0.09	Cost not reduced at settings.heart_vntr_TR_maxAct-dsettings.heart_vntr_TR_maxAct.
109	59	9	1	77.63846963454479	8821.88	6.415625E-4	0.12477406	0.2072269	0.1701054	1.545225	0.7	0.4358013	16.0	0.09	Cost reduced     at settings.eta_vc+dsettings.eta_vc.
110	59	10	1	75.28987240656497	8821.88	6.415625E-4	0.12477406	0.2072269	0.1701054	1.645225	0.7	0.4358013	16.0	0.09	Cost reduced     at settings.tissues_eta_Ra+dsettings.tissues_eta_Ra.
111	59	11	1	75.37680292809	8821.88	6.415625E-4	0.12477406	0.2072269	0.1701054	1.645225	0.8	0.4358013	16.0	0.09	Cost not reduced at settings.tissues_eta_Rv+dsettings.tissues_eta_Rv.
112	59	12	1	76.05393454335974	8821.88	6.415625E-4	0.12477406	0.2072269	0.1701054	1.645225	0.6	0.4358013	16.0	0.09	Cost not reduced at settings.tissues_eta_Rv-dsettings.tissues_eta_Rv.
113	59	13	1	75.68265716994509	8821.88	6.415625E-4	0.12477406	0.2072269	0.1701054	1.645225	0.7	0.4458013	16.0	0.09	Cost not reduced at settings.tissues_eta_C+dsettings.tissues_eta_C.
114	59	14	1	76.10643097408337	8821.88	6.415625E-4	0.12477406	0.2072269	0.1701054	1.645225	0.7	0.4258013	16.0	0.09	Cost not reduced at settings.tissues_eta_C-dsettings.tissues_eta_C.
115	59	15	1	77.55817730330654	8821.88	6.415625E-4	0.12477406	0.2072269	0.1701054	1.645225	0.7	0.4358013	17.0	0.09	Cost not reduced at settings.tissues_chi_R+dsettings.tissues_chi_R.
116	59	16	1	74.58813893727522	8821.88	6.415625E-4	0.12477406	0.2072269	0.1701054	1.645225	0.7	0.4358013	15.0	0.09	Cost reduced     at settings.tissues_chi_R-dsettings.tissues_chi_R.
117	59	17	1	74.56571375123	8821.88	6.415625E-4	0.12477406	0.2072269	0.1701054	1.645225	0.7	0.4358013	15.0	0.1	Cost reduced     at settings.tissue_chi_C+dsettings.tissue_chi_C.
117	59	18	1	77.97459638229142	8821.88	6.215625E-4	0.12477406	0.2072269	0.1601054	1.545225	0.7	0.4358013	16.0	0.09	Cost not reduced at settings.heart_vntr_D_A_maxAct-dsettings.heart_vntr_D_A_maxAct.
118	59	19	1	78.09342850531417	9221.88	6.215625E-4	0.12477406	0.2072269	0.1601054	1.545225	0.7	0.4358013	16.0	0.09	Cost not reduced at settings.heart_vntr_D_A_maxAct+dsettings.heart_vntr_D_A_maxAct.
118	59	20	1	91.42105289559476	9021.88	6.415625E-4	0.12477406	0.2072269	0.1601054	1.545225	0.7	0.4358013	16.0	0.09	Cost not reduced at settings.heart_vntr_D_0_maxAct+dsettings.heart_vntr_D_0_maxAct.
118	59	21	1	73.80898026443502	9021.88	6.015625E-4	0.12477406	0.2072269	0.1601054	1.545225	0.7	0.4358013	16.0	0.09	Cost not reduced at settings.heart_vntr_D_0_maxAct-dsettings.heart_vntr_D_0_maxAct.
118	59	22	1	79.06121602635449	9021.88	6.215625E-4	0.11477406	0.2072269	0.1601054	1.545225	0.7	0.4358013	16.0	0.09	Cost not reduced at settings.heart_vntr_TS_maxAct-dsettings.heart_vntr_TS_maxAct.
118	59	23	1	79.98233558402637	9021.88	6.215625E-4	0.13477406	0.2072269	0.1601054	1.545225	0.7	0.4358013	16.0	0.09	Cost not reduced at settings.heart_vntr_TS_maxAct+dsettings.heart_vntr_TS_maxAct.
118	59	24	1	79.6597452113499	9021.88	6.215625E-4	0.12477406	0.2172269	0.1601054	1.545225	0.7	0.4358013	16.0	0.09	Cost not reduced at settings.heart_vntr_TR_maxAct+dsettings.heart_vntr_TR_maxAct.
118	59	25	1	78.86175977307376	9021.88	6.215625E-4	0.12477406	0.1972269	0.1601054	1.545225	0.7	0.4358013	16.0	0.09	Cost not reduced at settings.heart_vntr_TR_maxAct-dsettings.heart_vntr_TR_maxAct.
118	59	26	1	77.95523449170831	9021.88	6.215625E-4	0.12477406	0.2072269	0.1701054	1.545225	0.7	0.4358013	16.0	0.09	Cost not reduced at settings.eta_vc+dsettings.eta_vc.
118	59	27	1	97.2728053928752	9021.88	6.215625E-4	0.12477406	0.2072269	0.1501054	1.545225	0.7	0.4358013	16.0	0.09	Cost not reduced at settings.eta_vc-dsettings.eta_vc.
118	59	28	1	76.35335352008734	9021.88	6.215625E-4	0.12477406	0.2072269	0.1601054	1.645225	0.7	0.4358013	16.0	0.09	Cost not reduced at settings.tissues_eta_Ra+dsettings.tissues_eta_Ra.
118	59	29	1	161.37300826099192	9021.88	6.215625E-4	0.12477406	0.2072269	0.1601054	1.445225	0.7	0.4358013	16.0	0.09	Cost not reduced at settings.tissues_eta_Ra-dsettings.tissues_eta_Ra.
118	59	30	1	129.70813407065117	9021.88	6.215625E-4	0.12477406	0.2072269	0.1601054	1.545225	0.8	0.4358013	16.0	0.09	Cost not reduced at settings.tissues_eta_Rv+dsettings.tissues_eta_Rv.
118	59	31	1	78.30979751415151	9021.88	6.215625E-4	0.12477406	0.2072269	0.1601054	1.545225	0.6	0.4358013	16.0	0.09	Cost not reduced at settings.tissues_eta_Rv-dsettings.tissues_eta_Rv.
118	59	32	1	131.671587502102	9021.88	6.215625E-4	0.12477406	0.2072269	0.1601054	1.545225	0.7	0.4458013	16.0	0.09	Cost not reduced at settings.tissues_eta_C+dsettings.tissues_eta_C.
118	59	33	1	78.15388952904453	9021.88	6.215625E-4	0.12477406	0.2072269	0.1601054	1.545225	0.7	0.4258013	16.0	0.09	Cost not reduced at settings.tissues_eta_C-dsettings.tissues_eta_C.
118	59	34	1	76.4350651636975	9021.88	6.215625E-4	0.12477406	0.2072269	0.1601054	1.545225	0.7	0.4358013	15.0	0.09	Cost not reduced at settings.tissues_chi_R-dsettings.tissues_chi_R.
118	59	35	1	80.50936042853093	9021.88	6.215625E-4	0.12477406	0.2072269	0.1601054	1.545225	0.7	0.4358013	17.0	0.09	Cost not reduced at settings.tissues_chi_R+dsettings.tissues_chi_R.
118	59	36	1	76.44752959494592	9021.88	6.215625E-4	0.12477406	0.2072269	0.1601054	1.545225	0.7	0.4358013	16.0	0.1	Cost not reduced at settings.tissue_chi_C+dsettings.tissue_chi_C.
118	59	37	1	78.16517538345774	9021.88	6.215625E-4	0.12477406	0.2072269	0.1601054	1.545225	0.7	0.4358013	16.0	0.08	Cost not reduced at settings.tissue_chi_C-dsettings.tissue_chi_C.
84	59	38	1	73.6373852386407	9021.88	6.215625E-4	0.12477406	0.2072269	0.1601054	1.545225	0.7	0.4358013	16.0	0.09	Iteration step did not reduce cost. Reduce step size to '0.5'.
118	60	1	1	73.6373852386407	9021.88	6.215625E-4	0.12477406	0.2072269	0.1601054	1.545225	0.7	0.4358013	16.0	0.09	Exploration base, Delta = 0.5.
119	60	2	1	76.6182746098473	8921.88	6.215625E-4	0.12477406	0.2072269	0.1601054	1.545225	0.7	0.4358013	16.0	0.09	Cost not reduced at settings.heart_vntr_D_A_maxAct-dsettings.heart_vntr_D_A_maxAct.
120	60	3	1	77.98328894300901	9121.88	6.215625E-4	0.12477406	0.2072269	0.1601054	1.545225	0.7	0.4358013	16.0	0.09	Cost not reduced at settings.heart_vntr_D_A_maxAct+dsettings.heart_vntr_D_A_maxAct.
121	60	4	1	78.0648143879477	9021.88	6.315625E-4	0.12477406	0.2072269	0.1601054	1.545225	0.7	0.4358013	16.0	0.09	Cost not reduced at settings.heart_vntr_D_0_maxAct+dsettings.heart_vntr_D_0_maxAct.
122	60	5	1	78.06545305976155	9021.88	6.115625E-4	0.12477406	0.2072269	0.1601054	1.545225	0.7	0.4358013	16.0	0.09	Cost not reduced at settings.heart_vntr_D_0_maxAct-dsettings.heart_vntr_D_0_maxAct.
123	60	6	1	78.24001883798749	9021.88	6.215625E-4	0.11977406	0.2072269	0.1601054	1.545225	0.7	0.4358013	16.0	0.09	Cost not reduced at settings.heart_vntr_TS_maxAct-dsettings.heart_vntr_TS_maxAct.
124	60	7	1	78.43805503988034	9021.88	6.215625E-4	0.12977406	0.2072269	0.1601054	1.545225	0.7	0.4358013	16.0	0.09	Cost not reduced at settings.heart_vntr_TS_maxAct+dsettings.heart_vntr_TS_maxAct.
125	60	8	1	78.35512941024304	9021.88	6.215625E-4	0.12477406	0.2122269	0.1601054	1.545225	0.7	0.4358013	16.0	0.09	Cost not reduced at settings.heart_vntr_TR_maxAct+dsettings.heart_vntr_TR_maxAct.
126	60	9	1	73.54288389583377	9021.88	6.215625E-4	0.12477406	0.2022269	0.1601054	1.545225	0.7	0.4358013	16.0	0.09	Cost reduced     at settings.heart_vntr_TR_maxAct-dsettings.heart_vntr_TR_maxAct.
127	60	10	1	78.02312859224139	9021.88	6.215625E-4	0.12477406	0.2022269	0.1651054	1.545225	0.7	0.4358013	16.0	0.09	Cost not reduced at settings.eta_vc+dsettings.eta_vc.
128	60	11	1	78.40627308385419	9021.88	6.215625E-4	0.12477406	0.2022269	0.1551054	1.545225	0.7	0.4358013	16.0	0.09	Cost not reduced at settings.eta_vc-dsettings.eta_vc.
129	60	12	1	77.29424810583177	9021.88	6.215625E-4	0.12477406	0.2022269	0.1601054	1.595225	0.7	0.4358013	16.0	0.09	Cost not reduced at settings.tissues_eta_Ra+dsettings.tissues_eta_Ra.
130	60	13	1	79.38824134819131	9021.88	6.215625E-4	0.12477406	0.2022269	0.1601054	1.495225	0.7	0.4358013	16.0	0.09	Cost not reduced at settings.tissues_eta_Ra-dsettings.tissues_eta_Ra.
131	60	14	1	77.37488789702388	9021.88	6.215625E-4	0.12477406	0.2022269	0.1601054	1.545225	0.75	0.4358013	16.0	0.09	Cost not reduced at settings.tissues_eta_Rv+dsettings.tissues_eta_Rv.
132	60	15	1	78.49990855661284	9021.88	6.215625E-4	0.12477406	0.2022269	0.1601054	1.545225	0.65	0.4358013	16.0	0.09	Cost not reduced at settings.tissues_eta_Rv-dsettings.tissues_eta_Rv.
133	60	16	1	79.53501395199741	9021.88	6.215625E-4	0.12477406	0.2022269	0.1601054	1.545225	0.7	0.4408013	16.0	0.09	Cost not reduced at settings.tissues_eta_C+dsettings.tissues_eta_C.
134	60	17	1	78.26614068836349	9021.88	6.215625E-4	0.12477406	0.2022269	0.1601054	1.545225	0.7	0.4308013	16.0	0.09	Cost not reduced at settings.tissues_eta_C-dsettings.tissues_eta_C.
135	60	18	1	77.21097239738116	9021.88	6.215625E-4	0.12477406	0.2022269	0.1601054	1.545225	0.7	0.4358013	15.5	0.09	Cost not reduced at settings.tissues_chi_R-dsettings.tissues_chi_R.
136	60	19	1	79.43768480609444	9021.88	6.215625E-4	0.12477406	0.2022269	0.1601054	1.545225	0.7	0.4358013	16.5	0.09	Cost not reduced at settings.tissues_chi_R+dsettings.tissues_chi_R.
137	60	20	1	78.26637991280217	9021.88	6.215625E-4	0.12477406	0.2022269	0.1601054	1.545225	0.7	0.4358013	16.0	0.095	Cost not reduced at settings.tissue_chi_C+dsettings.tissue_chi_C.
138	60	21	1	76.56793076243856	9021.88	6.215625E-4	0.12477406	0.2022269	0.1601054	1.545225	0.7	0.4358013	16.0	0.085	Cost not reduced at settings.tissue_chi_C-dsettings.tissue_chi_C.
126	60	22	1	73.54288389583377	9021.88	6.215625E-4	0.12477406	0.2022269	0.1601054	1.545225	0.7	0.4358013	16.0	0.09	Global search reduced cost.
138	61	1	1	78.86175977307376	9021.88	6.215625E-4	0.12477406	0.1972269	0.1601054	1.545225	0.7	0.4358013	16.0	0.09	Exploration base, Delta = 0.5.
139	61	2	1	78.83114034480516	8921.88	6.215625E-4	0.12477406	0.1972269	0.1601054	1.545225	0.7	0.4358013	16.0	0.09	Cost reduced     at settings.heart_vntr_D_A_maxAct-dsettings.heart_vntr_D_A_maxAct.
140	61	3	1	78.83070644870222	8921.88	6.315625E-4	0.12477406	0.1972269	0.1601054	1.545225	0.7	0.4358013	16.0	0.09	Cost reduced     at settings.heart_vntr_D_0_maxAct+dsettings.heart_vntr_D_0_maxAct.
141	61	4	1	79.86254912037731	8921.88	6.315625E-4	0.11977406	0.1972269	0.1601054	1.545225	0.7	0.4358013	16.0	0.09	Cost not reduced at settings.heart_vntr_TS_maxAct-dsettings.heart_vntr_TS_maxAct.
142	61	5	1	78.15732373102676	8921.88	6.315625E-4	0.12977406	0.1972269	0.1601054	1.545225	0.7	0.4358013	16.0	0.09	Cost reduced     at settings.heart_vntr_TS_maxAct+dsettings.heart_vntr_TS_maxAct.
143	61	6	1	78.78154339615969	8921.88	6.315625E-4	0.12977406	0.1922269	0.1601054	1.545225	0.7	0.4358013	16.0	0.09	Cost not reduced at settings.heart_vntr_TR_maxAct-dsettings.heart_vntr_TR_maxAct.
144	61	7	1	78.01890849362458	8921.88	6.315625E-4	0.12977406	0.2022269	0.1601054	1.545225	0.7	0.4358013	16.0	0.09	Cost reduced     at settings.heart_vntr_TR_maxAct+dsettings.heart_vntr_TR_maxAct.
145	61	8	1	77.76813244873924	8921.88	6.315625E-4	0.12977406	0.2022269	0.1651054	1.545225	0.7	0.4358013	16.0	0.09	Cost reduced     at settings.eta_vc+dsettings.eta_vc.
146	61	9	1	76.78874946271355	8921.88	6.315625E-4	0.12977406	0.2022269	0.1651054	1.595225	0.7	0.4358013	16.0	0.09	Cost reduced     at settings.tissues_eta_Ra+dsettings.tissues_eta_Ra.
147	61	10	1	76.63742994570416	8921.88	6.315625E-4	0.12977406	0.2022269	0.1651054	1.595225	0.75	0.4358013	16.0	0.09	Cost reduced     at settings.tissues_eta_Rv+dsettings.tissues_eta_Rv.
148	61	11	1	76.64998362627054	8921.88	6.315625E-4	0.12977406	0.2022269	0.1651054	1.595225	0.75	0.4408013	16.0	0.09	Cost not reduced at settings.tissues_eta_C+dsettings.tissues_eta_C.
149	61	12	1	76.72077414328736	8921.88	6.315625E-4	0.12977406	0.2022269	0.1651054	1.595225	0.75	0.4308013	16.0	0.09	Cost not reduced at settings.tissues_eta_C-dsettings.tissues_eta_C.
150	61	13	1	75.79869698259851	8921.88	6.315625E-4	0.12977406	0.2022269	0.1651054	1.595225	0.75	0.4358013	15.5	0.09	Cost reduced     at settings.tissues_chi_R-dsettings.tissues_chi_R.
151	61	14	1	75.8271758357569	8921.88	6.315625E-4	0.12977406	0.2022269	0.1651054	1.595225	0.75	0.4358013	15.5	0.095	Cost not reduced at settings.tissue_chi_C+dsettings.tissue_chi_C.
152	61	15	1	75.93963047828346	8921.88	6.315625E-4	0.12977406	0.2022269	0.1651054	1.595225	0.75	0.4358013	15.5	0.085	Cost not reduced at settings.tissue_chi_C-dsettings.tissue_chi_C.
153	61	16	1	77.90772350395827	8921.88	6.215625E-4	0.12477406	0.2022269	0.1601054	1.545225	0.7	0.4358013	16.0	0.09	Cost not reduced at settings.heart_vntr_D_A_maxAct-dsettings.heart_vntr_D_A_maxAct.
154	61	17	1	76.643772723198	9121.88	6.215625E-4	0.12477406	0.2022269	0.1601054	1.545225	0.7	0.4358013	16.0	0.09	Cost not reduced at settings.heart_vntr_D_A_maxAct+dsettings.heart_vntr_D_A_maxAct.
155	61	18	1	75.3523080335807	9021.88	6.315625E-4	0.12477406	0.2022269	0.1601054	1.545225	0.7	0.4358013	16.0	0.09	Cost not reduced at settings.heart_vntr_D_0_maxAct+dsettings.heart_vntr_D_0_maxAct.
156	61	19	1	78.22606115650748	9021.88	6.115625E-4	0.12477406	0.2022269	0.1601054	1.545225	0.7	0.4358013	16.0	0.09	Cost not reduced at settings.heart_vntr_D_0_maxAct-dsettings.heart_vntr_D_0_maxAct.
157	61	20	1	78.06898035363078	9021.88	6.215625E-4	0.12977406	0.2022269	0.1601054	1.545225	0.7	0.4358013	16.0	0.09	Cost not reduced at settings.heart_vntr_TS_maxAct+dsettings.heart_vntr_TS_maxAct.
158	61	21	1	78.80116195000852	9021.88	6.215625E-4	0.11977406	0.2022269	0.1601054	1.545225	0.7	0.4358013	16.0	0.09	Cost not reduced at settings.heart_vntr_TS_maxAct-dsettings.heart_vntr_TS_maxAct.
158	61	22	1	73.6373852386407	9021.88	6.215625E-4	0.12477406	0.2072269	0.1601054	1.545225	0.7	0.4358013	16.0	0.09	Cost not reduced at settings.heart_vntr_TR_maxAct+dsettings.heart_vntr_TR_maxAct.
158	61	23	1	78.86175977307376	9021.88	6.215625E-4	0.12477406	0.1972269	0.1601054	1.545225	0.7	0.4358013	16.0	0.09	Cost not reduced at settings.heart_vntr_TR_maxAct-dsettings.heart_vntr_TR_maxAct.
158	61	24	1	78.02312859224139	9021.88	6.215625E-4	0.12477406	0.2022269	0.1651054	1.545225	0.7	0.4358013	16.0	0.09	Cost not reduced at settings.eta_vc+dsettings.eta_vc.
158	61	25	1	78.40627308385419	9021.88	6.215625E-4	0.12477406	0.2022269	0.1551054	1.545225	0.7	0.4358013	16.0	0.09	Cost not reduced at settings.eta_vc-dsettings.eta_vc.
158	61	26	1	77.29424810583177	9021.88	6.215625E-4	0.12477406	0.2022269	0.1601054	1.595225	0.7	0.4358013	16.0	0.09	Cost not reduced at settings.tissues_eta_Ra+dsettings.tissues_eta_Ra.
158	61	27	1	79.38824134819131	9021.88	6.215625E-4	0.12477406	0.2022269	0.1601054	1.495225	0.7	0.4358013	16.0	0.09	Cost not reduced at settings.tissues_eta_Ra-dsettings.tissues_eta_Ra.
158	61	28	1	77.37488789702388	9021.88	6.215625E-4	0.12477406	0.2022269	0.1601054	1.545225	0.75	0.4358013	16.0	0.09	Cost not reduced at settings.tissues_eta_Rv+dsettings.tissues_eta_Rv.
158	61	29	1	78.49990855661284	9021.88	6.215625E-4	0.12477406	0.2022269	0.1601054	1.545225	0.65	0.4358013	16.0	0.09	Cost not reduced at settings.tissues_eta_Rv-dsettings.tissues_eta_Rv.
158	61	30	1	79.53501395199741	9021.88	6.215625E-4	0.12477406	0.2022269	0.1601054	1.545225	0.7	0.4408013	16.0	0.09	Cost not reduced at settings.tissues_eta_C+dsettings.tissues_eta_C.
158	61	31	1	78.26614068836349	9021.88	6.215625E-4	0.12477406	0.2022269	0.1601054	1.545225	0.7	0.4308013	16.0	0.09	Cost not reduced at settings.tissues_eta_C-dsettings.tissues_eta_C.
158	61	32	1	77.21097239738116	9021.88	6.215625E-4	0.12477406	0.2022269	0.1601054	1.545225	0.7	0.4358013	15.5	0.09	Cost not reduced at settings.tissues_chi_R-dsettings.tissues_chi_R.
158	61	33	1	79.43768480609444	9021.88	6.215625E-4	0.12477406	0.2022269	0.1601054	1.545225	0.7	0.4358013	16.5	0.09	Cost not reduced at settings.tissues_chi_R+dsettings.tissues_chi_R.
158	61	34	1	78.26637991280217	9021.88	6.215625E-4	0.12477406	0.2022269	0.1601054	1.545225	0.7	0.4358013	16.0	0.095	Cost not reduced at settings.tissue_chi_C+dsettings.tissue_chi_C.
158	61	35	1	76.56793076243856	9021.88	6.215625E-4	0.12477406	0.2022269	0.1601054	1.545225	0.7	0.4358013	16.0	0.085	Cost not reduced at settings.tissue_chi_C-dsettings.tissue_chi_C.
126	61	36	1	73.54288389583377	9021.88	6.215625E-4	0.12477406	0.2022269	0.1601054	1.545225	0.7	0.4358013	16.0	0.09	Iteration step did not reduce cost. Reduce step size to '0.25'.
158	62	1	1	73.54288389583377	9021.88	6.215625E-4	0.12477406	0.2022269	0.1601054	1.545225	0.7	0.4358013	16.0	0.09	Exploration base, Delta = 0.25.
159	62	2	1	78.22765979292421	8971.88	6.215625E-4	0.12477406	0.2022269	0.1601054	1.545225	0.7	0.4358013	16.0	0.09	Cost not reduced at settings.heart_vntr_D_A_maxAct-dsettings.heart_vntr_D_A_maxAct.
160	62	3	1	78.25031061188719	9071.88	6.215625E-4	0.12477406	0.2022269	0.1601054	1.545225	0.7	0.4358013	16.0	0.09	Cost not reduced at settings.heart_vntr_D_A_maxAct+dsettings.heart_vntr_D_A_maxAct.
161	62	4	1	78.22616678064185	9021.88	6.265625E-4	0.12477406	0.2022269	0.1601054	1.545225	0.7	0.4358013	16.0	0.09	Cost not reduced at settings.heart_vntr_D_0_maxAct+dsettings.heart_vntr_D_0_maxAct.
162	62	5	1	78.22648542661005	9021.88	6.165625E-4	0.12477406	0.2022269	0.1601054	1.545225	0.7	0.4358013	16.0	0.09	Cost not reduced at settings.heart_vntr_D_0_maxAct-dsettings.heart_vntr_D_0_maxAct.
163	62	6	1	76.79827834973175	9021.88	6.215625E-4	0.12727407	0.2022269	0.1601054	1.545225	0.7	0.4358013	16.0	0.09	Cost not reduced at settings.heart_vntr_TS_maxAct+dsettings.heart_vntr_TS_maxAct.
164	62	7	1	78.41094693090577	9021.88	6.215625E-4	0.12227406	0.2022269	0.1601054	1.545225	0.7	0.4358013	16.0	0.09	Cost not reduced at settings.heart_vntr_TS_maxAct-dsettings.heart_vntr_TS_maxAct.
165	62	8	1	78.06469779971424	9021.88	6.215625E-4	0.12477406	0.2047269	0.1601054	1.545225	0.7	0.4358013	16.0	0.09	Cost not reduced at settings.heart_vntr_TR_maxAct+dsettings.heart_vntr_TR_maxAct.
166	62	9	1	78.55971621148416	9021.88	6.215625E-4	0.12477406	0.1997269	0.1601054	1.545225	0.7	0.4358013	16.0	0.09	Cost not reduced at settings.heart_vntr_TR_maxAct-dsettings.heart_vntr_TR_maxAct.
167	62	10	1	78.14219149381536	9021.88	6.215625E-4	0.12477406	0.2022269	0.1626054	1.545225	0.7	0.4358013	16.0	0.09	Cost not reduced at settings.eta_vc+dsettings.eta_vc.
168	62	11	1	78.19412733149257	9021.88	6.215625E-4	0.12477406	0.2022269	0.1576054	1.545225	0.7	0.4358013	16.0	0.09	Cost not reduced at settings.eta_vc-dsettings.eta_vc.
169	62	12	1	77.5664350056395	9021.88	6.215625E-4	0.12477406	0.2022269	0.1601054	1.570225	0.7	0.4358013	16.0	0.09	Cost not reduced at settings.tissues_eta_Ra+dsettings.tissues_eta_Ra.
170	62	13	1	74.2537545988295	9021.88	6.215625E-4	0.12477406	0.2022269	0.1601054	1.520225	0.7	0.4358013	16.0	0.09	Cost not reduced at settings.tissues_eta_Ra-dsettings.tissues_eta_Ra.
171	62	14	1	78.1351327026231	9021.88	6.215625E-4	0.12477406	0.2022269	0.1601054	1.545225	0.725	0.4358013	16.0	0.09	Cost not reduced at settings.tissues_eta_Rv+dsettings.tissues_eta_Rv.
172	62	15	1	78.36180648229615	9021.88	6.215625E-4	0.12477406	0.2022269	0.1601054	1.545225	0.675	0.4358013	16.0	0.09	Cost not reduced at settings.tissues_eta_Rv-dsettings.tissues_eta_Rv.
173	62	16	1	132.02202304057278	9021.88	6.215625E-4	0.12477406	0.2022269	0.1601054	1.545225	0.7	0.4383013	16.0	0.09	Cost not reduced at settings.tissues_eta_C+dsettings.tissues_eta_C.
174	62	17	1	73.56869384111499	9021.88	6.215625E-4	0.12477406	0.2022269	0.1601054	1.545225	0.7	0.4333013	16.0	0.09	Cost not reduced at settings.tissues_eta_C-dsettings.tissues_eta_C.
175	62	18	1	76.06554299282169	9021.88	6.215625E-4	0.12477406	0.2022269	0.1601054	1.545225	0.7	0.4358013	15.75	0.09	Cost not reduced at settings.tissues_chi_R-dsettings.tissues_chi_R.
176	62	19	1	78.75884745672752	9021.88	6.215625E-4	0.12477406	0.2022269	0.1601054	1.545225	0.7	0.4358013	16.25	0.09	Cost not reduced at settings.tissues_chi_R+dsettings.tissues_chi_R.
177	62	20	1	78.23342310831315	9021.88	6.215625E-4	0.12477406	0.2022269	0.1601054	1.545225	0.7	0.4358013	16.0	0.0925	Cost not reduced at settings.tissue_chi_C+dsettings.tissue_chi_C.
178	62	21	1	78.06821552269156	9021.88	6.215625E-4	0.12477406	0.2022269	0.1601054	1.545225	0.7	0.4358013	16.0	0.0875	Cost not reduced at settings.tissue_chi_C-dsettings.tissue_chi_C.
178	62	22	1	78.22765979292421	8971.88	6.215625E-4	0.12477406	0.2022269	0.1601054	1.545225	0.7	0.4358013	16.0	0.09	Cost not reduced at settings.heart_vntr_D_A_maxAct-dsettings.heart_vntr_D_A_maxAct.
178	62	23	1	78.25031061188719	9071.88	6.215625E-4	0.12477406	0.2022269	0.1601054	1.545225	0.7	0.4358013	16.0	0.09	Cost not reduced at settings.heart_vntr_D_A_maxAct+dsettings.heart_vntr_D_A_maxAct.
178	62	24	1	78.22616678064185	9021.88	6.265625E-4	0.12477406	0.2022269	0.1601054	1.545225	0.7	0.4358013	16.0	0.09	Cost not reduced at settings.heart_vntr_D_0_maxAct+dsettings.heart_vntr_D_0_maxAct.
178	62	25	1	78.22648542661005	9021.88	6.165625E-4	0.12477406	0.2022269	0.1601054	1.545225	0.7	0.4358013	16.0	0.09	Cost not reduced at settings.heart_vntr_D_0_maxAct-dsettings.heart_vntr_D_0_maxAct.
178	62	26	1	76.79827834973175	9021.88	6.215625E-4	0.12727407	0.2022269	0.1601054	1.545225	0.7	0.4358013	16.0	0.09	Cost not reduced at settings.heart_vntr_TS_maxAct+dsettings.heart_vntr_TS_maxAct.
178	62	27	1	78.41094693090577	9021.88	6.215625E-4	0.12227406	0.2022269	0.1601054	1.545225	0.7	0.4358013	16.0	0.09	Cost not reduced at settings.heart_vntr_TS_maxAct-dsettings.heart_vntr_TS_maxAct.
178	62	28	1	78.06469779971424	9021.88	6.215625E-4	0.12477406	0.2047269	0.1601054	1.545225	0.7	0.4358013	16.0	0.09	Cost not reduced at settings.heart_vntr_TR_maxAct+dsettings.heart_vntr_TR_maxAct.
178	62	29	1	78.55971621148416	9021.88	6.215625E-4	0.12477406	0.1997269	0.1601054	1.545225	0.7	0.4358013	16.0	0.09	Cost not reduced at settings.heart_vntr_TR_maxAct-dsettings.heart_vntr_TR_maxAct.
178	62	30	1	78.14219149381536	9021.88	6.215625E-4	0.12477406	0.2022269	0.1626054	1.545225	0.7	0.4358013	16.0	0.09	Cost not reduced at settings.eta_vc+dsettings.eta_vc.
178	62	31	1	78.19412733149257	9021.88	6.215625E-4	0.12477406	0.2022269	0.1576054	1.545225	0.7	0.4358013	16.0	0.09	Cost not reduced at settings.eta_vc-dsettings.eta_vc.
178	62	32	1	77.5664350056395	9021.88	6.215625E-4	0.12477406	0.2022269	0.1601054	1.570225	0.7	0.4358013	16.0	0.09	Cost not reduced at settings.tissues_eta_Ra+dsettings.tissues_eta_Ra.
178	62	33	1	74.2537545988295	9021.88	6.215625E-4	0.12477406	0.2022269	0.1601054	1.520225	0.7	0.4358013	16.0	0.09	Cost not reduced at settings.tissues_eta_Ra-dsettings.tissues_eta_Ra.
178	62	34	1	78.1351327026231	9021.88	6.215625E-4	0.12477406	0.2022269	0.1601054	1.545225	0.725	0.4358013	16.0	0.09	Cost not reduced at settings.tissues_eta_Rv+dsettings.tissues_eta_Rv.
178	62	35	1	78.36180648229615	9021.88	6.215625E-4	0.12477406	0.2022269	0.1601054	1.545225	0.675	0.4358013	16.0	0.09	Cost not reduced at settings.tissues_eta_Rv-dsettings.tissues_eta_Rv.
178	62	36	1	132.02202304057278	9021.88	6.215625E-4	0.12477406	0.2022269	0.1601054	1.545225	0.7	0.4383013	16.0	0.09	Cost not reduced at settings.tissues_eta_C+dsettings.tissues_eta_C.
178	62	37	1	73.56869384111499	9021.88	6.215625E-4	0.12477406	0.2022269	0.1601054	1.545225	0.7	0.4333013	16.0	0.09	Cost not reduced at settings.tissues_eta_C-dsettings.tissues_eta_C.
178	62	38	1	76.06554299282169	9021.88	6.215625E-4	0.12477406	0.2022269	0.1601054	1.545225	0.7	0.4358013	15.75	0.09	Cost not reduced at settings.tissues_chi_R-dsettings.tissues_chi_R.
178	62	39	1	78.75884745672752	9021.88	6.215625E-4	0.12477406	0.2022269	0.1601054	1.545225	0.7	0.4358013	16.25	0.09	Cost not reduced at settings.tissues_chi_R+dsettings.tissues_chi_R.
178	62	40	1	78.23342310831315	9021.88	6.215625E-4	0.12477406	0.2022269	0.1601054	1.545225	0.7	0.4358013	16.0	0.0925	Cost not reduced at settings.tissue_chi_C+dsettings.tissue_chi_C.
178	62	41	1	78.06821552269156	9021.88	6.215625E-4	0.12477406	0.2022269	0.1601054	1.545225	0.7	0.4358013	16.0	0.0875	Cost not reduced at settings.tissue_chi_C-dsettings.tissue_chi_C.
126	62	42	1	73.54288389583377	9021.88	6.215625E-4	0.12477406	0.2022269	0.1601054	1.545225	0.7	0.4358013	16.0	0.09	Iteration step did not reduce cost. Reduce step size to '0.125'.
178	63	1	1	73.54288389583377	9021.88	6.215625E-4	0.12477406	0.2022269	0.1601054	1.545225	0.7	0.4358013	16.0	0.09	Exploration base, Delta = 0.125.
179	63	2	1	78.22222239464423	8996.88	6.215625E-4	0.12477406	0.2022269	0.1601054	1.545225	0.7	0.4358013	16.0	0.09	Cost not reduced at settings.heart_vntr_D_A_maxAct-dsettings.heart_vntr_D_A_maxAct.
180	63	3	1	78.24184640438581	9046.88	6.215625E-4	0.12477406	0.2022269	0.1601054	1.545225	0.7	0.4358013	16.0	0.09	Cost not reduced at settings.heart_vntr_D_A_maxAct+dsettings.heart_vntr_D_A_maxAct.
181	63	4	1	78.22621297070337	9021.88	6.240625E-4	0.12477406	0.2022269	0.1601054	1.545225	0.7	0.4358013	16.0	0.09	Cost not reduced at settings.heart_vntr_D_0_maxAct+dsettings.heart_vntr_D_0_maxAct.
182	63	5	1	78.22568213662505	9021.88	6.190625E-4	0.12477406	0.2022269	0.1601054	1.545225	0.7	0.4358013	16.0	0.09	Cost not reduced at settings.heart_vntr_D_0_maxAct-dsettings.heart_vntr_D_0_maxAct.
183	63	6	1	126.94049039529355	9021.88	6.215625E-4	0.12602407	0.2022269	0.1601054	1.545225	0.7	0.4358013	16.0	0.09	Cost not reduced at settings.heart_vntr_TS_maxAct+dsettings.heart_vntr_TS_maxAct.
184	63	7	1	78.35461840384268	9021.88	6.215625E-4	0.12352406	0.2022269	0.1601054	1.545225	0.7	0.4358013	16.0	0.09	Cost not reduced at settings.heart_vntr_TS_maxAct-dsettings.heart_vntr_TS_maxAct.
185	63	8	1	78.12976602985202	9021.88	6.215625E-4	0.12477406	0.2034769	0.1601054	1.545225	0.7	0.4358013	16.0	0.09	Cost not reduced at settings.heart_vntr_TR_maxAct+dsettings.heart_vntr_TR_maxAct.
186	63	9	1	78.3510484530239	9021.88	6.215625E-4	0.12477406	0.2009769	0.1601054	1.545225	0.7	0.4358013	16.0	0.09	Cost not reduced at settings.heart_vntr_TR_maxAct-dsettings.heart_vntr_TR_maxAct.
187	63	10	1	78.1842312115453	9021.88	6.215625E-4	0.12477406	0.2022269	0.1613554	1.545225	0.7	0.4358013	16.0	0.09	Cost not reduced at settings.eta_vc+dsettings.eta_vc.
188	63	11	1	78.18787427093268	9021.88	6.215625E-4	0.12477406	0.2022269	0.1588554	1.545225	0.7	0.4358013	16.0	0.09	Cost not reduced at settings.eta_vc-dsettings.eta_vc.
189	63	12	1	77.92143193193351	9021.88	6.215625E-4	0.12477406	0.2022269	0.1601054	1.557725	0.7	0.4358013	16.0	0.09	Cost not reduced at settings.tissues_eta_Ra+dsettings.tissues_eta_Ra.
190	63	13	1	132.3544059155031	9021.88	6.215625E-4	0.12477406	0.2022269	0.1601054	1.532725	0.7	0.4358013	16.0	0.09	Cost not reduced at settings.tissues_eta_Ra-dsettings.tissues_eta_Ra.
191	63	14	1	78.17070265840225	9021.88	6.215625E-4	0.12477406	0.2022269	0.1601054	1.545225	0.7125	0.4358013	16.0	0.09	Cost not reduced at settings.tissues_eta_Rv+dsettings.tissues_eta_Rv.
192	63	15	1	78.18275832106063	9021.88	6.215625E-4	0.12477406	0.2022269	0.1601054	1.545225	0.6875	0.4358013	16.0	0.09	Cost not reduced at settings.tissues_eta_Rv-dsettings.tissues_eta_Rv.
193	63	16	1	78.21768515028978	9021.88	6.215625E-4	0.12477406	0.2022269	0.1601054	1.545225	0.7	0.4370513	16.0	0.09	Cost not reduced at settings.tissues_eta_C+dsettings.tissues_eta_C.
194	63	17	1	78.25261874750016	9021.88	6.215625E-4	0.12477406	0.2022269	0.1601054	1.545225	0.7	0.4345513	16.0	0.09	Cost not reduced at settings.tissues_eta_C-dsettings.tissues_eta_C.
195	63	18	1	77.95422491033816	9021.88	6.215625E-4	0.12477406	0.2022269	0.1601054	1.545225	0.7	0.4358013	15.875	0.09	Cost not reduced at settings.tissues_chi_R-dsettings.tissues_chi_R.
196	63	19	1	75.63678735387002	9021.88	6.215625E-4	0.12477406	0.2022269	0.1601054	1.545225	0.7	0.4358013	16.125	0.09	Cost not reduced at settings.tissues_chi_R+dsettings.tissues_chi_R.
197	63	20	1	78.23504601807974	9021.88	6.215625E-4	0.12477406	0.2022269	0.1601054	1.545225	0.7	0.4358013	16.0	0.09125	Cost not reduced at settings.tissue_chi_C+dsettings.tissue_chi_C.
198	63	21	1	78.21716512805544	9021.88	6.215625E-4	0.12477406	0.2022269	0.1601054	1.545225	0.7	0.4358013	16.0	0.08875	Cost not reduced at settings.tissue_chi_C-dsettings.tissue_chi_C.
198	63	22	1	78.22222239464423	8996.88	6.215625E-4	0.12477406	0.2022269	0.1601054	1.545225	0.7	0.4358013	16.0	0.09	Cost not reduced at settings.heart_vntr_D_A_maxAct-dsettings.heart_vntr_D_A_maxAct.
198	63	23	1	78.24184640438581	9046.88	6.215625E-4	0.12477406	0.2022269	0.1601054	1.545225	0.7	0.4358013	16.0	0.09	Cost not reduced at settings.heart_vntr_D_A_maxAct+dsettings.heart_vntr_D_A_maxAct.
198	63	24	1	78.22621297070337	9021.88	6.240625E-4	0.12477406	0.2022269	0.1601054	1.545225	0.7	0.4358013	16.0	0.09	Cost not reduced at settings.heart_vntr_D_0_maxAct+dsettings.heart_vntr_D_0_maxAct.
198	63	25	1	78.22568213662505	9021.88	6.190625E-4	0.12477406	0.2022269	0.1601054	1.545225	0.7	0.4358013	16.0	0.09	Cost not reduced at settings.heart_vntr_D_0_maxAct-dsettings.heart_vntr_D_0_maxAct.
198	63	26	1	126.94049039529355	9021.88	6.215625E-4	0.12602407	0.2022269	0.1601054	1.545225	0.7	0.4358013	16.0	0.09	Cost not reduced at settings.heart_vntr_TS_maxAct+dsettings.heart_vntr_TS_maxAct.
198	63	27	1	78.35461840384268	9021.88	6.215625E-4	0.12352406	0.2022269	0.1601054	1.545225	0.7	0.4358013	16.0	0.09	Cost not reduced at settings.heart_vntr_TS_maxAct-dsettings.heart_vntr_TS_maxAct.
198	63	28	1	78.12976602985202	9021.88	6.215625E-4	0.12477406	0.2034769	0.1601054	1.545225	0.7	0.4358013	16.0	0.09	Cost not reduced at settings.heart_vntr_TR_maxAct+dsettings.heart_vntr_TR_maxAct.
198	63	29	1	78.3510484530239	9021.88	6.215625E-4	0.12477406	0.2009769	0.1601054	1.545225	0.7	0.4358013	16.0	0.09	Cost not reduced at settings.heart_vntr_TR_maxAct-dsettings.heart_vntr_TR_maxAct.
198	63	30	1	78.1842312115453	9021.88	6.215625E-4	0.12477406	0.2022269	0.1613554	1.545225	0.7	0.4358013	16.0	0.09	Cost not reduced at settings.eta_vc+dsettings.eta_vc.
198	63	31	1	78.18787427093268	9021.88	6.215625E-4	0.12477406	0.2022269	0.1588554	1.545225	0.7	0.4358013	16.0	0.09	Cost not reduced at settings.eta_vc-dsettings.eta_vc.
198	63	32	1	77.92143193193351	9021.88	6.215625E-4	0.12477406	0.2022269	0.1601054	1.557725	0.7	0.4358013	16.0	0.09	Cost not reduced at settings.tissues_eta_Ra+dsettings.tissues_eta_Ra.
198	63	33	1	132.3544059155031	9021.88	6.215625E-4	0.12477406	0.2022269	0.1601054	1.532725	0.7	0.4358013	16.0	0.09	Cost not reduced at settings.tissues_eta_Ra-dsettings.tissues_eta_Ra.
198	63	34	1	78.17070265840225	9021.88	6.215625E-4	0.12477406	0.2022269	0.1601054	1.545225	0.7125	0.4358013	16.0	0.09	Cost not reduced at settings.tissues_eta_Rv+dsettings.tissues_eta_Rv.
198	63	35	1	78.18275832106063	9021.88	6.215625E-4	0.12477406	0.2022269	0.1601054	1.545225	0.6875	0.4358013	16.0	0.09	Cost not reduced at settings.tissues_eta_Rv-dsettings.tissues_eta_Rv.
198	63	36	1	78.21768515028978	9021.88	6.215625E-4	0.12477406	0.2022269	0.1601054	1.545225	0.7	0.4370513	16.0	0.09	Cost not reduced at settings.tissues_eta_C+dsettings.tissues_eta_C.
198	63	37	1	78.25261874750016	9021.88	6.215625E-4	0.12477406	0.2022269	0.1601054	1.545225	0.7	0.4345513	16.0	0.09	Cost not reduced at settings.tissues_eta_C-dsettings.tissues_eta_C.
198	63	38	1	77.95422491033816	9021.88	6.215625E-4	0.12477406	0.2022269	0.1601054	1.545225	0.7	0.4358013	15.875	0.09	Cost not reduced at settings.tissues_chi_R-dsettings.tissues_chi_R.
198	63	39	1	75.63678735387002	9021.88	6.215625E-4	0.12477406	0.2022269	0.1601054	1.545225	0.7	0.4358013	16.125	0.09	Cost not reduced at settings.tissues_chi_R+dsettings.tissues_chi_R.
198	63	40	1	78.23504601807974	9021.88	6.215625E-4	0.12477406	0.2022269	0.1601054	1.545225	0.7	0.4358013	16.0	0.09125	Cost not reduced at settings.tissue_chi_C+dsettings.tissue_chi_C.
198	63	41	1	78.21716512805544	9021.88	6.215625E-4	0.12477406	0.2022269	0.1601054	1.545225	0.7	0.4358013	16.0	0.08875	Cost not reduced at settings.tissue_chi_C-dsettings.tissue_chi_C.
126	63	42	1	73.54288389583377	9021.88	6.215625E-4	0.12477406	0.2022269	0.1601054	1.545225	0.7	0.4358013	16.0	0.09	Iteration step did not reduce cost. Reduce step size to '0.0625'.
198	64	1	1	73.54288389583377	9021.88	6.215625E-4	0.12477406	0.2022269	0.1601054	1.545225	0.7	0.4358013	16.0	0.09	Exploration base, Delta = 0.0625.
199	64	2	1	78.24555324272848	9009.38	6.215625E-4	0.12477406	0.2022269	0.1601054	1.545225	0.7	0.4358013	16.0	0.09	Cost not reduced at settings.heart_vntr_D_A_maxAct-dsettings.heart_vntr_D_A_maxAct.
200	64	3	1	76.59646257926062	9034.38	6.215625E-4	0.12477406	0.2022269	0.1601054	1.545225	0.7	0.4358013	16.0	0.09	Cost not reduced at settings.heart_vntr_D_A_maxAct+dsettings.heart_vntr_D_A_maxAct.
201	64	4	1	78.22627205748046	9021.88	6.228125E-4	0.12477406	0.2022269	0.1601054	1.545225	0.7	0.4358013	16.0	0.09	Cost not reduced at settings.heart_vntr_D_0_maxAct+dsettings.heart_vntr_D_0_maxAct.
202	64	5	1	78.21684749129007	9021.88	6.203125E-4	0.12477406	0.2022269	0.1601054	1.545225	0.7	0.4358013	16.0	0.09	Cost not reduced at settings.heart_vntr_D_0_maxAct-dsettings.heart_vntr_D_0_maxAct.
203	64	6	1	73.30158237848107	9021.88	6.215625E-4	0.12539905	0.2022269	0.1601054	1.545225	0.7	0.4358013	16.0	0.09	Cost reduced     at settings.heart_vntr_TS_maxAct+dsettings.heart_vntr_TS_maxAct.
204	64	7	1	77.72537171685227	9021.88	6.215625E-4	0.12539905	0.2028519	0.1601054	1.545225	0.7	0.4358013	16.0	0.09	Cost not reduced at settings.heart_vntr_TR_maxAct+dsettings.heart_vntr_TR_maxAct.
205	64	8	1	78.2248819563275	9021.88	6.215625E-4	0.12539905	0.2016019	0.1601054	1.545225	0.7	0.4358013	16.0	0.09	Cost not reduced at settings.heart_vntr_TR_maxAct-dsettings.heart_vntr_TR_maxAct.
206	64	9	1	78.19085511421436	9021.88	6.215625E-4	0.12539905	0.2022269	0.1607304	1.545225	0.7	0.4358013	16.0	0.09	Cost not reduced at settings.eta_vc+dsettings.eta_vc.
207	64	10	1	78.1928765777901	9021.88	6.215625E-4	0.12539905	0.2022269	0.1594804	1.545225	0.7	0.4358013	16.0	0.09	Cost not reduced at settings.eta_vc-dsettings.eta_vc.
208	64	11	1	78.05519946771169	9021.88	6.215625E-4	0.12539905	0.2022269	0.1601054	1.551475	0.7	0.4358013	16.0	0.09	Cost not reduced at settings.tissues_eta_Ra+dsettings.tissues_eta_Ra.
209	64	12	1	78.33229395669798	9021.88	6.215625E-4	0.12539905	0.2022269	0.1601054	1.538975	0.7	0.4358013	16.0	0.09	Cost not reduced at settings.tissues_eta_Ra-dsettings.tissues_eta_Ra.
210	64	13	1	77.74504248339593	9021.88	6.215625E-4	0.12539905	0.2022269	0.1601054	1.545225	0.70625	0.4358013	16.0	0.09	Cost not reduced at settings.tissues_eta_Rv+dsettings.tissues_eta_Rv.
211	64	14	1	73.60055325844127	9021.88	6.215625E-4	0.12539905	0.2022269	0.1601054	1.545225	0.69375	0.4358013	16.0	0.09	Cost not reduced at settings.tissues_eta_Rv-dsettings.tissues_eta_Rv.
212	64	15	1	78.19788266736751	9021.88	6.215625E-4	0.12539905	0.2022269	0.1601054	1.545225	0.7	0.4364263	16.0	0.09	Cost not reduced at settings.tissues_eta_C+dsettings.tissues_eta_C.
213	64	16	1	75.32956694148126	9021.88	6.215625E-4	0.12539905	0.2022269	0.1601054	1.545225	0.7	0.4351763	16.0	0.09	Cost not reduced at settings.tissues_eta_C-dsettings.tissues_eta_C.
214	64	17	1	78.0386855164103	9021.88	6.215625E-4	0.12539905	0.2022269	0.1601054	1.545225	0.7	0.4358013	15.9375	0.09	Cost not reduced at settings.tissues_chi_R-dsettings.tissues_chi_R.
215	64	18	1	78.31389473486581	9021.88	6.215625E-4	0.12539905	0.2022269	0.1601054	1.545225	0.7	0.4358013	16.0625	0.09	Cost not reduced at settings.tissues_chi_R+dsettings.tissues_chi_R.
216	64	19	1	78.1355032892951	9021.88	6.215625E-4	0.12539905	0.2022269	0.1601054	1.545225	0.7	0.4358013	16.0	0.090625	Cost not reduced at settings.tissue_chi_C+dsettings.tissue_chi_C.
217	64	20	1	78.17145910903338	9021.88	6.215625E-4	0.12539905	0.2022269	0.1601054	1.545225	0.7	0.4358013	16.0	0.089375	Cost not reduced at settings.tissue_chi_C-dsettings.tissue_chi_C.
203	64	21	1	73.30158237848107	9021.88	6.215625E-4	0.12539905	0.2022269	0.1601054	1.545225	0.7	0.4358013	16.0	0.09	Global search reduced cost.
218	65	1	1	78.13197861069574	9021.88	6.215625E-4	0.12602404	0.2022269	0.1601054	1.545225	0.7	0.4358013	16.0	0.09	Exploration base, Delta = 0.0625.
219	65	2	1	92.94569563866835	9009.38	6.215625E-4	0.12602404	0.2022269	0.1601054	1.545225	0.7	0.4358013	16.0	0.09	Cost not reduced at settings.heart_vntr_D_A_maxAct-dsettings.heart_vntr_D_A_maxAct.
220	65	3	1	78.13855418398197	9034.38	6.215625E-4	0.12602404	0.2022269	0.1601054	1.545225	0.7	0.4358013	16.0	0.09	Cost not reduced at settings.heart_vntr_D_A_maxAct+dsettings.heart_vntr_D_A_maxAct.
221	65	4	1	73.52961942423542	9021.88	6.228125E-4	0.12602404	0.2022269	0.1601054	1.545225	0.7	0.4358013	16.0	0.09	Cost reduced     at settings.heart_vntr_D_0_maxAct+dsettings.heart_vntr_D_0_maxAct.
222	65	5	1	78.09757474501652	9021.88	6.228125E-4	0.12664904	0.2022269	0.1601054	1.545225	0.7	0.4358013	16.0	0.09	Cost not reduced at settings.heart_vntr_TS_maxAct+dsettings.heart_vntr_TS_maxAct.
223	65	6	1	78.15995328567152	9021.88	6.228125E-4	0.12539904	0.2022269	0.1601054	1.545225	0.7	0.4358013	16.0	0.09	Cost not reduced at settings.heart_vntr_TS_maxAct-dsettings.heart_vntr_TS_maxAct.
224	65	7	1	78.09722351164916	9021.88	6.228125E-4	0.12602404	0.2028519	0.1601054	1.545225	0.7	0.4358013	16.0	0.09	Cost not reduced at settings.heart_vntr_TR_maxAct+dsettings.heart_vntr_TR_maxAct.
225	65	8	1	73.56106410974704	9021.88	6.228125E-4	0.12602404	0.2016019	0.1601054	1.545225	0.7	0.4358013	16.0	0.09	Cost not reduced at settings.heart_vntr_TR_maxAct-dsettings.heart_vntr_TR_maxAct.
226	65	9	1	78.13373638822904	9021.88	6.228125E-4	0.12602404	0.2022269	0.1607304	1.545225	0.7	0.4358013	16.0	0.09	Cost not reduced at settings.eta_vc+dsettings.eta_vc.
227	65	10	1	78.06370901594343	9021.88	6.228125E-4	0.12602404	0.2022269	0.1594804	1.545225	0.7	0.4358013	16.0	0.09	Cost not reduced at settings.eta_vc-dsettings.eta_vc.
228	65	11	1	82.1710843774912	9021.88	6.228125E-4	0.12602404	0.2022269	0.1601054	1.551475	0.7	0.4358013	16.0	0.09	Cost not reduced at settings.tissues_eta_Ra+dsettings.tissues_eta_Ra.
229	65	12	1	73.65988004505421	9021.88	6.228125E-4	0.12602404	0.2022269	0.1601054	1.538975	0.7	0.4358013	16.0	0.09	Cost not reduced at settings.tissues_eta_Ra-dsettings.tissues_eta_Ra.
230	65	13	1	78.11292852598173	9021.88	6.228125E-4	0.12602404	0.2022269	0.1601054	1.545225	0.70625	0.4358013	16.0	0.09	Cost not reduced at settings.tissues_eta_Rv+dsettings.tissues_eta_Rv.
231	65	14	1	78.1600862287504	9021.88	6.228125E-4	0.12602404	0.2022269	0.1601054	1.545225	0.69375	0.4358013	16.0	0.09	Cost not reduced at settings.tissues_eta_Rv-dsettings.tissues_eta_Rv.
232	65	15	1	78.13304855552855	9021.88	6.228125E-4	0.12602404	0.2022269	0.1601054	1.545225	0.7	0.4364263	16.0	0.09	Cost not reduced at settings.tissues_eta_C+dsettings.tissues_eta_C.
233	65	16	1	78.14914028186931	9021.88	6.228125E-4	0.12602404	0.2022269	0.1601054	1.545225	0.7	0.4351763	16.0	0.09	Cost not reduced at settings.tissues_eta_C-dsettings.tissues_eta_C.
234	65	17	1	77.99623725233923	9021.88	6.228125E-4	0.12602404	0.2022269	0.1601054	1.545225	0.7	0.4358013	15.9375	0.09	Cost not reduced at settings.tissues_chi_R-dsettings.tissues_chi_R.
235	65	18	1	78.24179966750623	9021.88	6.228125E-4	0.12602404	0.2022269	0.1601054	1.545225	0.7	0.4358013	16.0625	0.09	Cost not reduced at settings.tissues_chi_R+dsettings.tissues_chi_R.
236	65	19	1	132.87764270147284	9021.88	6.228125E-4	0.12602404	0.2022269	0.1601054	1.545225	0.7	0.4358013	16.0	0.090625	Cost not reduced at settings.tissue_chi_C+dsettings.tissue_chi_C.
237	65	20	1	78.13004970315895	9021.88	6.228125E-4	0.12602404	0.2022269	0.1601054	1.545225	0.7	0.4358013	16.0	0.089375	Cost not reduced at settings.tissue_chi_C-dsettings.tissue_chi_C.
238	65	21	1	73.581469337844	9009.38	6.215625E-4	0.12539905	0.2022269	0.1601054	1.545225	0.7	0.4358013	16.0	0.09	Cost not reduced at settings.heart_vntr_D_A_maxAct-dsettings.heart_vntr_D_A_maxAct.
239	65	22	1	78.2446415957798	9034.38	6.215625E-4	0.12539905	0.2022269	0.1601054	1.545225	0.7	0.4358013	16.0	0.09	Cost not reduced at settings.heart_vntr_D_A_maxAct+dsettings.heart_vntr_D_A_maxAct.
240	65	23	1	75.26365263175049	9021.88	6.228125E-4	0.12539905	0.2022269	0.1601054	1.545225	0.7	0.4358013	16.0	0.09	Cost not reduced at settings.heart_vntr_D_0_maxAct+dsettings.heart_vntr_D_0_maxAct.
241	65	24	1	73.47429758959454	9021.88	6.203125E-4	0.12539905	0.2022269	0.1601054	1.545225	0.7	0.4358013	16.0	0.09	Cost not reduced at settings.heart_vntr_D_0_maxAct-dsettings.heart_vntr_D_0_maxAct.
242	65	25	1	90.8366892652648	9021.88	6.215625E-4	0.12602405	0.2022269	0.1601054	1.545225	0.7	0.4358013	16.0	0.09	Cost not reduced at settings.heart_vntr_TS_maxAct+dsettings.heart_vntr_TS_maxAct.
243	65	26	1	78.22621552046826	9021.88	6.215625E-4	0.12477405	0.2022269	0.1601054	1.545225	0.7	0.4358013	16.0	0.09	Cost not reduced at settings.heart_vntr_TS_maxAct-dsettings.heart_vntr_TS_maxAct.
243	65	27	1	77.72537171685227	9021.88	6.215625E-4	0.12539905	0.2028519	0.1601054	1.545225	0.7	0.4358013	16.0	0.09	Cost not reduced at settings.heart_vntr_TR_maxAct+dsettings.heart_vntr_TR_maxAct.
243	65	28	1	78.2248819563275	9021.88	6.215625E-4	0.12539905	0.2016019	0.1601054	1.545225	0.7	0.4358013	16.0	0.09	Cost not reduced at settings.heart_vntr_TR_maxAct-dsettings.heart_vntr_TR_maxAct.
243	65	29	1	78.19085511421436	9021.88	6.215625E-4	0.12539905	0.2022269	0.1607304	1.545225	0.7	0.4358013	16.0	0.09	Cost not reduced at settings.eta_vc+dsettings.eta_vc.
243	65	30	1	78.1928765777901	9021.88	6.215625E-4	0.12539905	0.2022269	0.1594804	1.545225	0.7	0.4358013	16.0	0.09	Cost not reduced at settings.eta_vc-dsettings.eta_vc.
243	65	31	1	78.05519946771169	9021.88	6.215625E-4	0.12539905	0.2022269	0.1601054	1.551475	0.7	0.4358013	16.0	0.09	Cost not reduced at settings.tissues_eta_Ra+dsettings.tissues_eta_Ra.
243	65	32	1	78.33229395669798	9021.88	6.215625E-4	0.12539905	0.2022269	0.1601054	1.538975	0.7	0.4358013	16.0	0.09	Cost not reduced at settings.tissues_eta_Ra-dsettings.tissues_eta_Ra.
243	65	33	1	77.74504248339593	9021.88	6.215625E-4	0.12539905	0.2022269	0.1601054	1.545225	0.70625	0.4358013	16.0	0.09	Cost not reduced at settings.tissues_eta_Rv+dsettings.tissues_eta_Rv.
243	65	34	1	73.60055325844127	9021.88	6.215625E-4	0.12539905	0.2022269	0.1601054	1.545225	0.69375	0.4358013	16.0	0.09	Cost not reduced at settings.tissues_eta_Rv-dsettings.tissues_eta_Rv.
243	65	35	1	78.19788266736751	9021.88	6.215625E-4	0.12539905	0.2022269	0.1601054	1.545225	0.7	0.4364263	16.0	0.09	Cost not reduced at settings.tissues_eta_C+dsettings.tissues_eta_C.
243	65	36	1	75.32956694148126	9021.88	6.215625E-4	0.12539905	0.2022269	0.1601054	1.545225	0.7	0.4351763	16.0	0.09	Cost not reduced at settings.tissues_eta_C-dsettings.tissues_eta_C.
243	65	37	1	78.0386855164103	9021.88	6.215625E-4	0.12539905	0.2022269	0.1601054	1.545225	0.7	0.4358013	15.9375	0.09	Cost not reduced at settings.tissues_chi_R-dsettings.tissues_chi_R.
243	65	38	1	78.31389473486581	9021.88	6.215625E-4	0.12539905	0.2022269	0.1601054	1.545225	0.7	0.4358013	16.0625	0.09	Cost not reduced at settings.tissues_chi_R+dsettings.tissues_chi_R.
243	65	39	1	78.1355032892951	9021.88	6.215625E-4	0.12539905	0.2022269	0.1601054	1.545225	0.7	0.4358013	16.0	0.090625	Cost not reduced at settings.tissue_chi_C+dsettings.tissue_chi_C.
243	65	40	1	78.17145910903338	9021.88	6.215625E-4	0.12539905	0.2022269	0.1601054	1.545225	0.7	0.4358013	16.0	0.089375	Cost not reduced at settings.tissue_chi_C-dsettings.tissue_chi_C.
203	65	41	1	73.30158237848107	9021.88	6.215625E-4	0.12539905	0.2022269	0.1601054	1.545225	0.7	0.4358013	16.0	0.09	Iteration step did not reduce cost. Maximum number of step reductions reached.
203	65	42	1	73.30158237848107	9021.88	6.215625E-4	0.12539905	0.2022269	0.1601054	1.545225	0.7	0.4358013	16.0	0.09	Minimum point.
