GenOpt(R) Version 3.1.1, March 29, 2016

Lawrence Berkeley National Laboratory
http://simulationresearch.lbl.gov
Michael Wetter, MWetter@lbl.gov

GenOpt Copyright (c) 1998-2016, The Regents of the
University of California, through Lawrence Berkeley
National Laboratory (subject to receipt of any 
required approvals from the U.S. Dept. of Energy).
All rights reserved.
_______________________________________________________________

Results of Parametric algorithm
Start time: Tue Oct 13 15:20:27 CEST 2020

Main Iterations


Simulation Number	Main Iteration	Step Number	f(x)	settings.phi0	settings.HR_nominal	settings.HR_max	settings.V_PV_init	settings.chi_phi	settings.heart_R_vlv	settings.heart_R_LA	settings.heart_R_RA	settings.heart_drive_D_0	settings.heart_drive_D_0_maxAct	settings.heart_drive_TS	settings.heart_drive_TS_maxAct	settings.heart_drive_TR	settings.heart_drive_TR_maxAct	settings.heart_drive_atr_D_0	settings.heart_atr_E_0	settings.heart_vntr_xi_Vw	settings.heart_vntr_xi_AmRef	settings.heart_vntr_xi_sigma_act	settings.heart_vntr_sigma_actMaxAct_factor	settings.heart_vntr_k_passive_factor	settings.syst_abd_P_th_ratio	settings.syst_TPR	settings.syst_TR_frac	settings.syst_art_k_E	settings.eta_vc	settings.tissues_CO_nom	settings.tissues_eta_Ra	settings.tissues_eta_C	settings.veins_C_phi	settings.veins_gamma	settings.veins_diameter_correction	settings.dummy	settings.baro_d0	settings.baro_tau_s	settings.baro_xi_delta0	settings.baro_delta0_aor	settings.baro_delta0_car	settings.baro_g	settings.baro_fsn	settings.baro_f1	settings.pulm_CO_target	settings.pulm_C_PV	settings.pulm_C_PA	settings.pulm_R	settings.pulm_PV_R_vis	settings.pulm_tp_pleural_frac	heart_vntr_Lsref	heart_vntr_L0	heart_vntr_SLcollagen	heart_vntr_SLrest	baro_a	baro_b	baro_f0
1	1	1	25.397026561564424	0.225	1.0666666666667	2.907	0.0	1.185	133322.387415	3766520.0	3766520.0	0.01393399	5.765625E-4	0.14	0.1079	0.38	0.095472	0.5902815	1.680355E7	0.8908231	0.9118	1.5298	16.00763	1.0	0.832	1.304659E8	5.21529	0.4226095	0.1267	1.05E-4	3.393633	0.2676726	0.09	0.5	1.5	1.0	1.5	98.37	0.2688	0.6	0.55	0.606258	0.0320656	0.003379	8.083333333333301E-5	1.9680209999999998E-7	3.819551E-8	1.438856E7	1000000.0	1.0	1.9	0.907	2.25	1.51	0.0651	0.2004	300.0	Initial point.
2	2	1	29.130330956479764	0.275	1.0666666666667	2.907	0.0	1.185	133322.387415	3766520.0	3766520.0	0.01393399	5.765625E-4	0.14	0.1079	0.38	0.095472	0.5902815	1.680355E7	0.8908231	0.9118	1.5298	16.00763	1.0	0.832	1.304659E8	5.21529	0.4226095	0.1267	1.05E-4	3.393633	0.2676726	0.09	0.5	1.5	1.0	1.5	98.37	0.2688	0.6	0.55	0.606258	0.0320656	0.003379	8.083333333333301E-5	1.9680209999999998E-7	3.819551E-8	1.438856E7	1000000.0	1.0	1.9	0.907	2.25	1.51	0.0651	0.2004	300.0	Function evaluation successful.
3	3	1	20.151021555697493	0.25	0.96000000000003	2.907	0.0	1.185	133322.387415	3766520.0	3766520.0	0.01393399	5.765625E-4	0.14	0.1079	0.38	0.095472	0.5902815	1.680355E7	0.8908231	0.9118	1.5298	16.00763	1.0	0.832	1.304659E8	5.21529	0.4226095	0.1267	1.05E-4	3.393633	0.2676726	0.09	0.5	1.5	1.0	1.5	98.37	0.2688	0.6	0.55	0.606258	0.0320656	0.003379	8.083333333333301E-5	1.9680209999999998E-7	3.819551E-8	1.438856E7	1000000.0	1.0	1.9	0.907	2.25	1.51	0.0651	0.2004	300.0	Function evaluation successful.
4	4	1	24.375753021013175	0.25	1.17333333333337	2.907	0.0	1.185	133322.387415	3766520.0	3766520.0	0.01393399	5.765625E-4	0.14	0.1079	0.38	0.095472	0.5902815	1.680355E7	0.8908231	0.9118	1.5298	16.00763	1.0	0.832	1.304659E8	5.21529	0.4226095	0.1267	1.05E-4	3.393633	0.2676726	0.09	0.5	1.5	1.0	1.5	98.37	0.2688	0.6	0.55	0.606258	0.0320656	0.003379	8.083333333333301E-5	1.9680209999999998E-7	3.819551E-8	1.438856E7	1000000.0	1.0	1.9	0.907	2.25	1.51	0.0651	0.2004	300.0	Function evaluation successful.
5	5	1	24.78929477910236	0.25	1.0666666666667	2.6163000000000003	0.0	1.185	133322.387415	3766520.0	3766520.0	0.01393399	5.765625E-4	0.14	0.1079	0.38	0.095472	0.5902815	1.680355E7	0.8908231	0.9118	1.5298	16.00763	1.0	0.832	1.304659E8	5.21529	0.4226095	0.1267	1.05E-4	3.393633	0.2676726	0.09	0.5	1.5	1.0	1.5	98.37	0.2688	0.6	0.55	0.606258	0.0320656	0.003379	8.083333333333301E-5	1.9680209999999998E-7	3.819551E-8	1.438856E7	1000000.0	1.0	1.9	0.907	2.25	1.51	0.0651	0.2004	300.0	Function evaluation successful.
6	6	1	27.58743384342123	0.25	1.0666666666667	3.1977	0.0	1.185	133322.387415	3766520.0	3766520.0	0.01393399	5.765625E-4	0.14	0.1079	0.38	0.095472	0.5902815	1.680355E7	0.8908231	0.9118	1.5298	16.00763	1.0	0.832	1.304659E8	5.21529	0.4226095	0.1267	1.05E-4	3.393633	0.2676726	0.09	0.5	1.5	1.0	1.5	98.37	0.2688	0.6	0.55	0.606258	0.0320656	0.003379	8.083333333333301E-5	1.9680209999999998E-7	3.819551E-8	1.438856E7	1000000.0	1.0	1.9	0.907	2.25	1.51	0.0651	0.2004	300.0	Function evaluation successful.
7	7	1	37.60490227904905	0.25	1.0666666666667	2.907	-9.999999999999999E-5	1.185	133322.387415	3766520.0	3766520.0	0.01393399	5.765625E-4	0.14	0.1079	0.38	0.095472	0.5902815	1.680355E7	0.8908231	0.9118	1.5298	16.00763	1.0	0.832	1.304659E8	5.21529	0.4226095	0.1267	1.05E-4	3.393633	0.2676726	0.09	0.5	1.5	1.0	1.5	98.37	0.2688	0.6	0.55	0.606258	0.0320656	0.003379	8.083333333333301E-5	1.9680209999999998E-7	3.819551E-8	1.438856E7	1000000.0	1.0	1.9	0.907	2.25	1.51	0.0651	0.2004	300.0	Function evaluation successful.
8	8	1	19.193056667582404	0.25	1.0666666666667	2.907	9.999999999999999E-5	1.185	133322.387415	3766520.0	3766520.0	0.01393399	5.765625E-4	0.14	0.1079	0.38	0.095472	0.5902815	1.680355E7	0.8908231	0.9118	1.5298	16.00763	1.0	0.832	1.304659E8	5.21529	0.4226095	0.1267	1.05E-4	3.393633	0.2676726	0.09	0.5	1.5	1.0	1.5	98.37	0.2688	0.6	0.55	0.606258	0.0320656	0.003379	8.083333333333301E-5	1.9680209999999998E-7	3.819551E-8	1.438856E7	1000000.0	1.0	1.9	0.907	2.25	1.51	0.0651	0.2004	300.0	Function evaluation successful.
9	9	1	26.986994262188965	0.25	1.0666666666667	2.907	0.0	1.0665	133322.387415	3766520.0	3766520.0	0.01393399	5.765625E-4	0.14	0.1079	0.38	0.095472	0.5902815	1.680355E7	0.8908231	0.9118	1.5298	16.00763	1.0	0.832	1.304659E8	5.21529	0.4226095	0.1267	1.05E-4	3.393633	0.2676726	0.09	0.5	1.5	1.0	1.5	98.37	0.2688	0.6	0.55	0.606258	0.0320656	0.003379	8.083333333333301E-5	1.9680209999999998E-7	3.819551E-8	1.438856E7	1000000.0	1.0	1.9	0.907	2.25	1.51	0.0651	0.2004	300.0	Function evaluation successful.
10	10	1	26.986994262188965	0.25	1.0666666666667	2.907	0.0	1.3035	133322.387415	3766520.0	3766520.0	0.01393399	5.765625E-4	0.14	0.1079	0.38	0.095472	0.5902815	1.680355E7	0.8908231	0.9118	1.5298	16.00763	1.0	0.832	1.304659E8	5.21529	0.4226095	0.1267	1.05E-4	3.393633	0.2676726	0.09	0.5	1.5	1.0	1.5	98.37	0.2688	0.6	0.55	0.606258	0.0320656	0.003379	8.083333333333301E-5	1.9680209999999998E-7	3.819551E-8	1.438856E7	1000000.0	1.0	1.9	0.907	2.25	1.51	0.0651	0.2004	300.0	Function evaluation successful.
11	11	1	26.97525364033872	0.25	1.0666666666667	2.907	0.0	1.185	119990.1486735	3766520.0	3766520.0	0.01393399	5.765625E-4	0.14	0.1079	0.38	0.095472	0.5902815	1.680355E7	0.8908231	0.9118	1.5298	16.00763	1.0	0.832	1.304659E8	5.21529	0.4226095	0.1267	1.05E-4	3.393633	0.2676726	0.09	0.5	1.5	1.0	1.5	98.37	0.2688	0.6	0.55	0.606258	0.0320656	0.003379	8.083333333333301E-5	1.9680209999999998E-7	3.819551E-8	1.438856E7	1000000.0	1.0	1.9	0.907	2.25	1.51	0.0651	0.2004	300.0	Function evaluation successful.
12	12	1	27.069394399353207	0.25	1.0666666666667	2.907	0.0	1.185	146654.62615650002	3766520.0	3766520.0	0.01393399	5.765625E-4	0.14	0.1079	0.38	0.095472	0.5902815	1.680355E7	0.8908231	0.9118	1.5298	16.00763	1.0	0.832	1.304659E8	5.21529	0.4226095	0.1267	1.05E-4	3.393633	0.2676726	0.09	0.5	1.5	1.0	1.5	98.37	0.2688	0.6	0.55	0.606258	0.0320656	0.003379	8.083333333333301E-5	1.9680209999999998E-7	3.819551E-8	1.438856E7	1000000.0	1.0	1.9	0.907	2.25	1.51	0.0651	0.2004	300.0	Function evaluation successful.
13	13	1	24.028946118908557	0.25	1.0666666666667	2.907	0.0	1.185	133322.387415	3389868.0	3766520.0	0.01393399	5.765625E-4	0.14	0.1079	0.38	0.095472	0.5902815	1.680355E7	0.8908231	0.9118	1.5298	16.00763	1.0	0.832	1.304659E8	5.21529	0.4226095	0.1267	1.05E-4	3.393633	0.2676726	0.09	0.5	1.5	1.0	1.5	98.37	0.2688	0.6	0.55	0.606258	0.0320656	0.003379	8.083333333333301E-5	1.9680209999999998E-7	3.819551E-8	1.438856E7	1000000.0	1.0	1.9	0.907	2.25	1.51	0.0651	0.2004	300.0	Function evaluation successful.
14	14	1	30.17293386358292	0.25	1.0666666666667	2.907	0.0	1.185	133322.387415	4143172.000000001	3766520.0	0.01393399	5.765625E-4	0.14	0.1079	0.38	0.095472	0.5902815	1.680355E7	0.8908231	0.9118	1.5298	16.00763	1.0	0.832	1.304659E8	5.21529	0.4226095	0.1267	1.05E-4	3.393633	0.2676726	0.09	0.5	1.5	1.0	1.5	98.37	0.2688	0.6	0.55	0.606258	0.0320656	0.003379	8.083333333333301E-5	1.9680209999999998E-7	3.819551E-8	1.438856E7	1000000.0	1.0	1.9	0.907	2.25	1.51	0.0651	0.2004	300.0	Function evaluation successful.
15	15	1	25.236093182377296	0.25	1.0666666666667	2.907	0.0	1.185	133322.387415	3766520.0	3389868.0	0.01393399	5.765625E-4	0.14	0.1079	0.38	0.095472	0.5902815	1.680355E7	0.8908231	0.9118	1.5298	16.00763	1.0	0.832	1.304659E8	5.21529	0.4226095	0.1267	1.05E-4	3.393633	0.2676726	0.09	0.5	1.5	1.0	1.5	98.37	0.2688	0.6	0.55	0.606258	0.0320656	0.003379	8.083333333333301E-5	1.9680209999999998E-7	3.819551E-8	1.438856E7	1000000.0	1.0	1.9	0.907	2.25	1.51	0.0651	0.2004	300.0	Function evaluation successful.
16	16	1	28.169214362935072	0.25	1.0666666666667	2.907	0.0	1.185	133322.387415	3766520.0	4143172.000000001	0.01393399	5.765625E-4	0.14	0.1079	0.38	0.095472	0.5902815	1.680355E7	0.8908231	0.9118	1.5298	16.00763	1.0	0.832	1.304659E8	5.21529	0.4226095	0.1267	1.05E-4	3.393633	0.2676726	0.09	0.5	1.5	1.0	1.5	98.37	0.2688	0.6	0.55	0.606258	0.0320656	0.003379	8.083333333333301E-5	1.9680209999999998E-7	3.819551E-8	1.438856E7	1000000.0	1.0	1.9	0.907	2.25	1.51	0.0651	0.2004	300.0	Function evaluation successful.
17	17	1	22.017091594228177	0.25	1.0666666666667	2.907	0.0	1.185	133322.387415	3766520.0	3766520.0	0.012540591	5.765625E-4	0.14	0.1079	0.38	0.095472	0.5902815	1.680355E7	0.8908231	0.9118	1.5298	16.00763	1.0	0.832	1.304659E8	5.21529	0.4226095	0.1267	1.05E-4	3.393633	0.2676726	0.09	0.5	1.5	1.0	1.5	98.37	0.2688	0.6	0.55	0.606258	0.0320656	0.003379	8.083333333333301E-5	1.9680209999999998E-7	3.819551E-8	1.438856E7	1000000.0	1.0	1.9	0.907	2.25	1.51	0.0651	0.2004	300.0	Function evaluation successful.
18	18	1	35.469561317985935	0.25	1.0666666666667	2.907	0.0	1.185	133322.387415	3766520.0	3766520.0	0.015327389000000002	5.765625E-4	0.14	0.1079	0.38	0.095472	0.5902815	1.680355E7	0.8908231	0.9118	1.5298	16.00763	1.0	0.832	1.304659E8	5.21529	0.4226095	0.1267	1.05E-4	3.393633	0.2676726	0.09	0.5	1.5	1.0	1.5	98.37	0.2688	0.6	0.55	0.606258	0.0320656	0.003379	8.083333333333301E-5	1.9680209999999998E-7	3.819551E-8	1.438856E7	1000000.0	1.0	1.9	0.907	2.25	1.51	0.0651	0.2004	300.0	Function evaluation successful.
19	19	1	27.01755580083597	0.25	1.0666666666667	2.907	0.0	1.185	133322.387415	3766520.0	3766520.0	0.01393399	5.1890625E-4	0.14	0.1079	0.38	0.095472	0.5902815	1.680355E7	0.8908231	0.9118	1.5298	16.00763	1.0	0.832	1.304659E8	5.21529	0.4226095	0.1267	1.05E-4	3.393633	0.2676726	0.09	0.5	1.5	1.0	1.5	98.37	0.2688	0.6	0.55	0.606258	0.0320656	0.003379	8.083333333333301E-5	1.9680209999999998E-7	3.819551E-8	1.438856E7	1000000.0	1.0	1.9	0.907	2.25	1.51	0.0651	0.2004	300.0	Function evaluation successful.
20	20	1	26.95455693056116	0.25	1.0666666666667	2.907	0.0	1.185	133322.387415	3766520.0	3766520.0	0.01393399	6.342187500000001E-4	0.14	0.1079	0.38	0.095472	0.5902815	1.680355E7	0.8908231	0.9118	1.5298	16.00763	1.0	0.832	1.304659E8	5.21529	0.4226095	0.1267	1.05E-4	3.393633	0.2676726	0.09	0.5	1.5	1.0	1.5	98.37	0.2688	0.6	0.55	0.606258	0.0320656	0.003379	8.083333333333301E-5	1.9680209999999998E-7	3.819551E-8	1.438856E7	1000000.0	1.0	1.9	0.907	2.25	1.51	0.0651	0.2004	300.0	Function evaluation successful.
21	21	1	27.765292359158796	0.25	1.0666666666667	2.907	0.0	1.185	133322.387415	3766520.0	3766520.0	0.01393399	5.765625E-4	0.12600000000000003	0.1079	0.38	0.095472	0.5902815	1.680355E7	0.8908231	0.9118	1.5298	16.00763	1.0	0.832	1.304659E8	5.21529	0.4226095	0.1267	1.05E-4	3.393633	0.2676726	0.09	0.5	1.5	1.0	1.5	98.37	0.2688	0.6	0.55	0.606258	0.0320656	0.003379	8.083333333333301E-5	1.9680209999999998E-7	3.819551E-8	1.438856E7	1000000.0	1.0	1.9	0.907	2.25	1.51	0.0651	0.2004	300.0	Function evaluation successful.
22	22	1	27.13743280967334	0.25	1.0666666666667	2.907	0.0	1.185	133322.387415	3766520.0	3766520.0	0.01393399	5.765625E-4	0.15400000000000005	0.1079	0.38	0.095472	0.5902815	1.680355E7	0.8908231	0.9118	1.5298	16.00763	1.0	0.832	1.304659E8	5.21529	0.4226095	0.1267	1.05E-4	3.393633	0.2676726	0.09	0.5	1.5	1.0	1.5	98.37	0.2688	0.6	0.55	0.606258	0.0320656	0.003379	8.083333333333301E-5	1.9680209999999998E-7	3.819551E-8	1.438856E7	1000000.0	1.0	1.9	0.907	2.25	1.51	0.0651	0.2004	300.0	Function evaluation successful.
23	23	1	25.961022690399318	0.25	1.0666666666667	2.907	0.0	1.185	133322.387415	3766520.0	3766520.0	0.01393399	5.765625E-4	0.14	0.09711	0.38	0.095472	0.5902815	1.680355E7	0.8908231	0.9118	1.5298	16.00763	1.0	0.832	1.304659E8	5.21529	0.4226095	0.1267	1.05E-4	3.393633	0.2676726	0.09	0.5	1.5	1.0	1.5	98.37	0.2688	0.6	0.55	0.606258	0.0320656	0.003379	8.083333333333301E-5	1.9680209999999998E-7	3.819551E-8	1.438856E7	1000000.0	1.0	1.9	0.907	2.25	1.51	0.0651	0.2004	300.0	Function evaluation successful.
24	24	1	28.558073237686653	0.25	1.0666666666667	2.907	0.0	1.185	133322.387415	3766520.0	3766520.0	0.01393399	5.765625E-4	0.14	0.11869	0.38	0.095472	0.5902815	1.680355E7	0.8908231	0.9118	1.5298	16.00763	1.0	0.832	1.304659E8	5.21529	0.4226095	0.1267	1.05E-4	3.393633	0.2676726	0.09	0.5	1.5	1.0	1.5	98.37	0.2688	0.6	0.55	0.606258	0.0320656	0.003379	8.083333333333301E-5	1.9680209999999998E-7	3.819551E-8	1.438856E7	1000000.0	1.0	1.9	0.907	2.25	1.51	0.0651	0.2004	300.0	Function evaluation successful.
25	25	1	34.436215276169406	0.25	1.0666666666667	2.907	0.0	1.185	133322.387415	3766520.0	3766520.0	0.01393399	5.765625E-4	0.14	0.1079	0.342	0.095472	0.5902815	1.680355E7	0.8908231	0.9118	1.5298	16.00763	1.0	0.832	1.304659E8	5.21529	0.4226095	0.1267	1.05E-4	3.393633	0.2676726	0.09	0.5	1.5	1.0	1.5	98.37	0.2688	0.6	0.55	0.606258	0.0320656	0.003379	8.083333333333301E-5	1.9680209999999998E-7	3.819551E-8	1.438856E7	1000000.0	1.0	1.9	0.907	2.25	1.51	0.0651	0.2004	300.0	Function evaluation successful.
26	26	1	25.785649968164865	0.25	1.0666666666667	2.907	0.0	1.185	133322.387415	3766520.0	3766520.0	0.01393399	5.765625E-4	0.14	0.1079	0.418	0.095472	0.5902815	1.680355E7	0.8908231	0.9118	1.5298	16.00763	1.0	0.832	1.304659E8	5.21529	0.4226095	0.1267	1.05E-4	3.393633	0.2676726	0.09	0.5	1.5	1.0	1.5	98.37	0.2688	0.6	0.55	0.606258	0.0320656	0.003379	8.083333333333301E-5	1.9680209999999998E-7	3.819551E-8	1.438856E7	1000000.0	1.0	1.9	0.907	2.25	1.51	0.0651	0.2004	300.0	Function evaluation successful.
27	27	1	27.846141736915992	0.25	1.0666666666667	2.907	0.0	1.185	133322.387415	3766520.0	3766520.0	0.01393399	5.765625E-4	0.14	0.1079	0.38	0.08592480000000001	0.5902815	1.680355E7	0.8908231	0.9118	1.5298	16.00763	1.0	0.832	1.304659E8	5.21529	0.4226095	0.1267	1.05E-4	3.393633	0.2676726	0.09	0.5	1.5	1.0	1.5	98.37	0.2688	0.6	0.55	0.606258	0.0320656	0.003379	8.083333333333301E-5	1.9680209999999998E-7	3.819551E-8	1.438856E7	1000000.0	1.0	1.9	0.907	2.25	1.51	0.0651	0.2004	300.0	Function evaluation successful.
28	28	1	26.623040620988476	0.25	1.0666666666667	2.907	0.0	1.185	133322.387415	3766520.0	3766520.0	0.01393399	5.765625E-4	0.14	0.1079	0.38	0.1050192	0.5902815	1.680355E7	0.8908231	0.9118	1.5298	16.00763	1.0	0.832	1.304659E8	5.21529	0.4226095	0.1267	1.05E-4	3.393633	0.2676726	0.09	0.5	1.5	1.0	1.5	98.37	0.2688	0.6	0.55	0.606258	0.0320656	0.003379	8.083333333333301E-5	1.9680209999999998E-7	3.819551E-8	1.438856E7	1000000.0	1.0	1.9	0.907	2.25	1.51	0.0651	0.2004	300.0	Function evaluation successful.
29	29	1	25.295998346405955	0.25	1.0666666666667	2.907	0.0	1.185	133322.387415	3766520.0	3766520.0	0.01393399	5.765625E-4	0.14	0.1079	0.38	0.095472	0.5312533500000001	1.680355E7	0.8908231	0.9118	1.5298	16.00763	1.0	0.832	1.304659E8	5.21529	0.4226095	0.1267	1.05E-4	3.393633	0.2676726	0.09	0.5	1.5	1.0	1.5	98.37	0.2688	0.6	0.55	0.606258	0.0320656	0.003379	8.083333333333301E-5	1.9680209999999998E-7	3.819551E-8	1.438856E7	1000000.0	1.0	1.9	0.907	2.25	1.51	0.0651	0.2004	300.0	Function evaluation successful.
30	30	1	29.824104401069423	0.25	1.0666666666667	2.907	0.0	1.185	133322.387415	3766520.0	3766520.0	0.01393399	5.765625E-4	0.14	0.1079	0.38	0.095472	0.6493096500000001	1.680355E7	0.8908231	0.9118	1.5298	16.00763	1.0	0.832	1.304659E8	5.21529	0.4226095	0.1267	1.05E-4	3.393633	0.2676726	0.09	0.5	1.5	1.0	1.5	98.37	0.2688	0.6	0.55	0.606258	0.0320656	0.003379	8.083333333333301E-5	1.9680209999999998E-7	3.819551E-8	1.438856E7	1000000.0	1.0	1.9	0.907	2.25	1.51	0.0651	0.2004	300.0	Function evaluation successful.
31	31	1	30.50629944472944	0.25	1.0666666666667	2.907	0.0	1.185	133322.387415	3766520.0	3766520.0	0.01393399	5.765625E-4	0.14	0.1079	0.38	0.095472	0.5902815	1.5123195E7	0.8908231	0.9118	1.5298	16.00763	1.0	0.832	1.304659E8	5.21529	0.4226095	0.1267	1.05E-4	3.393633	0.2676726	0.09	0.5	1.5	1.0	1.5	98.37	0.2688	0.6	0.55	0.606258	0.0320656	0.003379	8.083333333333301E-5	1.9680209999999998E-7	3.819551E-8	1.438856E7	1000000.0	1.0	1.9	0.907	2.25	1.51	0.0651	0.2004	300.0	Function evaluation successful.
32	32	1	24.58180163090274	0.25	1.0666666666667	2.907	0.0	1.185	133322.387415	3766520.0	3766520.0	0.01393399	5.765625E-4	0.14	0.1079	0.38	0.095472	0.5902815	1.8483905E7	0.8908231	0.9118	1.5298	16.00763	1.0	0.832	1.304659E8	5.21529	0.4226095	0.1267	1.05E-4	3.393633	0.2676726	0.09	0.5	1.5	1.0	1.5	98.37	0.2688	0.6	0.55	0.606258	0.0320656	0.003379	8.083333333333301E-5	1.9680209999999998E-7	3.819551E-8	1.438856E7	1000000.0	1.0	1.9	0.907	2.25	1.51	0.0651	0.2004	300.0	Function evaluation successful.
33	33	1	17.73997903906771	0.25	1.0666666666667	2.907	0.0	1.185	133322.387415	3766520.0	3766520.0	0.01393399	5.765625E-4	0.14	0.1079	0.38	0.095472	0.5902815	1.680355E7	0.80174079	0.9118	1.5298	16.00763	1.0	0.832	1.304659E8	5.21529	0.4226095	0.1267	1.05E-4	3.393633	0.2676726	0.09	0.5	1.5	1.0	1.5	98.37	0.2688	0.6	0.55	0.606258	0.0320656	0.003379	8.083333333333301E-5	1.9680209999999998E-7	3.819551E-8	1.438856E7	1000000.0	1.0	1.9	0.907	2.25	1.51	0.0651	0.2004	300.0	Function evaluation successful.
34	34	1	18.427108532099684	0.25	1.0666666666667	2.907	0.0	1.185	133322.387415	3766520.0	3766520.0	0.01393399	5.765625E-4	0.14	0.1079	0.38	0.095472	0.5902815	1.680355E7	0.97990541	0.9118	1.5298	16.00763	1.0	0.832	1.304659E8	5.21529	0.4226095	0.1267	1.05E-4	3.393633	0.2676726	0.09	0.5	1.5	1.0	1.5	98.37	0.2688	0.6	0.55	0.606258	0.0320656	0.003379	8.083333333333301E-5	1.9680209999999998E-7	3.819551E-8	1.438856E7	1000000.0	1.0	1.9	0.907	2.25	1.51	0.0651	0.2004	300.0	Function evaluation successful.
35	35	1	32.555074855922726	0.25	1.0666666666667	2.907	0.0	1.185	133322.387415	3766520.0	3766520.0	0.01393399	5.765625E-4	0.14	0.1079	0.38	0.095472	0.5902815	1.680355E7	0.8908231	0.82062	1.5298	16.00763	1.0	0.832	1.304659E8	5.21529	0.4226095	0.1267	1.05E-4	3.393633	0.2676726	0.09	0.5	1.5	1.0	1.5	98.37	0.2688	0.6	0.55	0.606258	0.0320656	0.003379	8.083333333333301E-5	1.9680209999999998E-7	3.819551E-8	1.438856E7	1000000.0	1.0	1.9	0.907	2.25	1.51	0.0651	0.2004	300.0	Function evaluation successful.
36	36	1	19.225189784634143	0.25	1.0666666666667	2.907	0.0	1.185	133322.387415	3766520.0	3766520.0	0.01393399	5.765625E-4	0.14	0.1079	0.38	0.095472	0.5902815	1.680355E7	0.8908231	1.0029800000000002	1.5298	16.00763	1.0	0.832	1.304659E8	5.21529	0.4226095	0.1267	1.05E-4	3.393633	0.2676726	0.09	0.5	1.5	1.0	1.5	98.37	0.2688	0.6	0.55	0.606258	0.0320656	0.003379	8.083333333333301E-5	1.9680209999999998E-7	3.819551E-8	1.438856E7	1000000.0	1.0	1.9	0.907	2.25	1.51	0.0651	0.2004	300.0	Function evaluation successful.
37	37	1	20.751351517574854	0.25	1.0666666666667	2.907	0.0	1.185	133322.387415	3766520.0	3766520.0	0.01393399	5.765625E-4	0.14	0.1079	0.38	0.095472	0.5902815	1.680355E7	0.8908231	0.9118	1.3768200000000002	16.00763	1.0	0.832	1.304659E8	5.21529	0.4226095	0.1267	1.05E-4	3.393633	0.2676726	0.09	0.5	1.5	1.0	1.5	98.37	0.2688	0.6	0.55	0.606258	0.0320656	0.003379	8.083333333333301E-5	1.9680209999999998E-7	3.819551E-8	1.438856E7	1000000.0	1.0	1.9	0.907	2.25	1.51	0.0651	0.2004	300.0	Function evaluation successful.
38	38	1	15.501326537820983	0.25	1.0666666666667	2.907	0.0	1.185	133322.387415	3766520.0	3766520.0	0.01393399	5.765625E-4	0.14	0.1079	0.38	0.095472	0.5902815	1.680355E7	0.8908231	0.9118	1.6827800000000002	16.00763	1.0	0.832	1.304659E8	5.21529	0.4226095	0.1267	1.05E-4	3.393633	0.2676726	0.09	0.5	1.5	1.0	1.5	98.37	0.2688	0.6	0.55	0.606258	0.0320656	0.003379	8.083333333333301E-5	1.9680209999999998E-7	3.819551E-8	1.438856E7	1000000.0	1.0	1.9	0.907	2.25	1.51	0.0651	0.2004	300.0	Function evaluation successful.
39	39	1	25.76972526280209	0.25	1.0666666666667	2.907	0.0	1.185	133322.387415	3766520.0	3766520.0	0.01393399	5.765625E-4	0.14	0.1079	0.38	0.095472	0.5902815	1.680355E7	0.8908231	0.9118	1.5298	14.406867	1.0	0.832	1.304659E8	5.21529	0.4226095	0.1267	1.05E-4	3.393633	0.2676726	0.09	0.5	1.5	1.0	1.5	98.37	0.2688	0.6	0.55	0.606258	0.0320656	0.003379	8.083333333333301E-5	1.9680209999999998E-7	3.819551E-8	1.438856E7	1000000.0	1.0	1.9	0.907	2.25	1.51	0.0651	0.2004	300.0	Function evaluation successful.
40	40	1	29.175340450254847	0.25	1.0666666666667	2.907	0.0	1.185	133322.387415	3766520.0	3766520.0	0.01393399	5.765625E-4	0.14	0.1079	0.38	0.095472	0.5902815	1.680355E7	0.8908231	0.9118	1.5298	17.608393	1.0	0.832	1.304659E8	5.21529	0.4226095	0.1267	1.05E-4	3.393633	0.2676726	0.09	0.5	1.5	1.0	1.5	98.37	0.2688	0.6	0.55	0.606258	0.0320656	0.003379	8.083333333333301E-5	1.9680209999999998E-7	3.819551E-8	1.438856E7	1000000.0	1.0	1.9	0.907	2.25	1.51	0.0651	0.2004	300.0	Function evaluation successful.
41	41	1	26.986994262188965	0.25	1.0666666666667	2.907	0.0	1.185	133322.387415	3766520.0	3766520.0	0.01393399	5.765625E-4	0.14	0.1079	0.38	0.095472	0.5902815	1.680355E7	0.8908231	0.9118	1.5298	16.00763	0.9	0.832	1.304659E8	5.21529	0.4226095	0.1267	1.05E-4	3.393633	0.2676726	0.09	0.5	1.5	1.0	1.5	98.37	0.2688	0.6	0.55	0.606258	0.0320656	0.003379	8.083333333333301E-5	1.9680209999999998E-7	3.819551E-8	1.438856E7	1000000.0	1.0	1.9	0.907	2.25	1.51	0.0651	0.2004	300.0	Function evaluation successful.
42	42	1	26.986994262188965	0.25	1.0666666666667	2.907	0.0	1.185	133322.387415	3766520.0	3766520.0	0.01393399	5.765625E-4	0.14	0.1079	0.38	0.095472	0.5902815	1.680355E7	0.8908231	0.9118	1.5298	16.00763	1.1	0.832	1.304659E8	5.21529	0.4226095	0.1267	1.05E-4	3.393633	0.2676726	0.09	0.5	1.5	1.0	1.5	98.37	0.2688	0.6	0.55	0.606258	0.0320656	0.003379	8.083333333333301E-5	1.9680209999999998E-7	3.819551E-8	1.438856E7	1000000.0	1.0	1.9	0.907	2.25	1.51	0.0651	0.2004	300.0	Function evaluation successful.
43	43	1	28.975699910403918	0.25	1.0666666666667	2.907	0.0	1.185	133322.387415	3766520.0	3766520.0	0.01393399	5.765625E-4	0.14	0.1079	0.38	0.095472	0.5902815	1.680355E7	0.8908231	0.9118	1.5298	16.00763	1.0	0.7488	1.304659E8	5.21529	0.4226095	0.1267	1.05E-4	3.393633	0.2676726	0.09	0.5	1.5	1.0	1.5	98.37	0.2688	0.6	0.55	0.606258	0.0320656	0.003379	8.083333333333301E-5	1.9680209999999998E-7	3.819551E-8	1.438856E7	1000000.0	1.0	1.9	0.907	2.25	1.51	0.0651	0.2004	300.0	Function evaluation successful.
44	44	1	9.525385671109632	0.25	1.0666666666667	2.907	0.0	1.185	133322.387415	3766520.0	3766520.0	0.01393399	5.765625E-4	0.14	0.1079	0.38	0.095472	0.5902815	1.680355E7	0.8908231	0.9118	1.5298	16.00763	1.0	0.9152	1.304659E8	5.21529	0.4226095	0.1267	1.05E-4	3.393633	0.2676726	0.09	0.5	1.5	1.0	1.5	98.37	0.2688	0.6	0.55	0.606258	0.0320656	0.003379	8.083333333333301E-5	1.9680209999999998E-7	3.819551E-8	1.438856E7	1000000.0	1.0	1.9	0.907	2.25	1.51	0.0651	0.2004	300.0	Function evaluation successful.
45	45	1	29.94141109521042	0.25	1.0666666666667	2.907	0.0	1.185	133322.387415	3766520.0	3766520.0	0.01393399	5.765625E-4	0.14	0.1079	0.38	0.095472	0.5902815	1.680355E7	0.8908231	0.9118	1.5298	16.00763	1.0	0.832	1.1741931E8	5.21529	0.4226095	0.1267	1.05E-4	3.393633	0.2676726	0.09	0.5	1.5	1.0	1.5	98.37	0.2688	0.6	0.55	0.606258	0.0320656	0.003379	8.083333333333301E-5	1.9680209999999998E-7	3.819551E-8	1.438856E7	1000000.0	1.0	1.9	0.907	2.25	1.51	0.0651	0.2004	300.0	Function evaluation successful.
46	46	1	25.73939857400743	0.25	1.0666666666667	2.907	0.0	1.185	133322.387415	3766520.0	3766520.0	0.01393399	5.765625E-4	0.14	0.1079	0.38	0.095472	0.5902815	1.680355E7	0.8908231	0.9118	1.5298	16.00763	1.0	0.832	1.4351249E8	5.21529	0.4226095	0.1267	1.05E-4	3.393633	0.2676726	0.09	0.5	1.5	1.0	1.5	98.37	0.2688	0.6	0.55	0.606258	0.0320656	0.003379	8.083333333333301E-5	1.9680209999999998E-7	3.819551E-8	1.438856E7	1000000.0	1.0	1.9	0.907	2.25	1.51	0.0651	0.2004	300.0	Function evaluation successful.
47	47	1	35.98897784472612	0.25	1.0666666666667	2.907	0.0	1.185	133322.387415	3766520.0	3766520.0	0.01393399	5.765625E-4	0.14	0.1079	0.38	0.095472	0.5902815	1.680355E7	0.8908231	0.9118	1.5298	16.00763	1.0	0.832	1.304659E8	4.693761	0.4226095	0.1267	1.05E-4	3.393633	0.2676726	0.09	0.5	1.5	1.0	1.5	98.37	0.2688	0.6	0.55	0.606258	0.0320656	0.003379	8.083333333333301E-5	1.9680209999999998E-7	3.819551E-8	1.438856E7	1000000.0	1.0	1.9	0.907	2.25	1.51	0.0651	0.2004	300.0	Function evaluation successful.
48	48	1	24.06068262177257	0.25	1.0666666666667	2.907	0.0	1.185	133322.387415	3766520.0	3766520.0	0.01393399	5.765625E-4	0.14	0.1079	0.38	0.095472	0.5902815	1.680355E7	0.8908231	0.9118	1.5298	16.00763	1.0	0.832	1.304659E8	5.736819000000001	0.4226095	0.1267	1.05E-4	3.393633	0.2676726	0.09	0.5	1.5	1.0	1.5	98.37	0.2688	0.6	0.55	0.606258	0.0320656	0.003379	8.083333333333301E-5	1.9680209999999998E-7	3.819551E-8	1.438856E7	1000000.0	1.0	1.9	0.907	2.25	1.51	0.0651	0.2004	300.0	Function evaluation successful.
49	49	1	26.24502639884188	0.25	1.0666666666667	2.907	0.0	1.185	133322.387415	3766520.0	3766520.0	0.01393399	5.765625E-4	0.14	0.1079	0.38	0.095472	0.5902815	1.680355E7	0.8908231	0.9118	1.5298	16.00763	1.0	0.832	1.304659E8	5.21529	0.38034855	0.1267	1.05E-4	3.393633	0.2676726	0.09	0.5	1.5	1.0	1.5	98.37	0.2688	0.6	0.55	0.606258	0.0320656	0.003379	8.083333333333301E-5	1.9680209999999998E-7	3.819551E-8	1.438856E7	1000000.0	1.0	1.9	0.907	2.25	1.51	0.0651	0.2004	300.0	Function evaluation successful.
50	50	1	11.87590152555264	0.25	1.0666666666667	2.907	0.0	1.185	133322.387415	3766520.0	3766520.0	0.01393399	5.765625E-4	0.14	0.1079	0.38	0.095472	0.5902815	1.680355E7	0.8908231	0.9118	1.5298	16.00763	1.0	0.832	1.304659E8	5.21529	0.4648704500000001	0.1267	1.05E-4	3.393633	0.2676726	0.09	0.5	1.5	1.0	1.5	98.37	0.2688	0.6	0.55	0.606258	0.0320656	0.003379	8.083333333333301E-5	1.9680209999999998E-7	3.819551E-8	1.438856E7	1000000.0	1.0	1.9	0.907	2.25	1.51	0.0651	0.2004	300.0	Function evaluation successful.
51	51	1	28.86855811521048	0.25	1.0666666666667	2.907	0.0	1.185	133322.387415	3766520.0	3766520.0	0.01393399	5.765625E-4	0.14	0.1079	0.38	0.095472	0.5902815	1.680355E7	0.8908231	0.9118	1.5298	16.00763	1.0	0.832	1.304659E8	5.21529	0.4226095	0.11403	1.05E-4	3.393633	0.2676726	0.09	0.5	1.5	1.0	1.5	98.37	0.2688	0.6	0.55	0.606258	0.0320656	0.003379	8.083333333333301E-5	1.9680209999999998E-7	3.819551E-8	1.438856E7	1000000.0	1.0	1.9	0.907	2.25	1.51	0.0651	0.2004	300.0	Function evaluation successful.
52	52	1	25.865286794604643	0.25	1.0666666666667	2.907	0.0	1.185	133322.387415	3766520.0	3766520.0	0.01393399	5.765625E-4	0.14	0.1079	0.38	0.095472	0.5902815	1.680355E7	0.8908231	0.9118	1.5298	16.00763	1.0	0.832	1.304659E8	5.21529	0.4226095	0.13937000000000002	1.05E-4	3.393633	0.2676726	0.09	0.5	1.5	1.0	1.5	98.37	0.2688	0.6	0.55	0.606258	0.0320656	0.003379	8.083333333333301E-5	1.9680209999999998E-7	3.819551E-8	1.438856E7	1000000.0	1.0	1.9	0.907	2.25	1.51	0.0651	0.2004	300.0	Function evaluation successful.
53	53	1	26.98506089492326	0.25	1.0666666666667	2.907	0.0	1.185	133322.387415	3766520.0	3766520.0	0.01393399	5.765625E-4	0.14	0.1079	0.38	0.095472	0.5902815	1.680355E7	0.8908231	0.9118	1.5298	16.00763	1.0	0.832	1.304659E8	5.21529	0.4226095	0.1267	9.45E-5	3.393633	0.2676726	0.09	0.5	1.5	1.0	1.5	98.37	0.2688	0.6	0.55	0.606258	0.0320656	0.003379	8.083333333333301E-5	1.9680209999999998E-7	3.819551E-8	1.438856E7	1000000.0	1.0	1.9	0.907	2.25	1.51	0.0651	0.2004	300.0	Function evaluation successful.
54	54	1	26.98710956766422	0.25	1.0666666666667	2.907	0.0	1.185	133322.387415	3766520.0	3766520.0	0.01393399	5.765625E-4	0.14	0.1079	0.38	0.095472	0.5902815	1.680355E7	0.8908231	0.9118	1.5298	16.00763	1.0	0.832	1.304659E8	5.21529	0.4226095	0.1267	1.1550000000000002E-4	3.393633	0.2676726	0.09	0.5	1.5	1.0	1.5	98.37	0.2688	0.6	0.55	0.606258	0.0320656	0.003379	8.083333333333301E-5	1.9680209999999998E-7	3.819551E-8	1.438856E7	1000000.0	1.0	1.9	0.907	2.25	1.51	0.0651	0.2004	300.0	Function evaluation successful.
55	55	1	25.584234283204157	0.25	1.0666666666667	2.907	0.0	1.185	133322.387415	3766520.0	3766520.0	0.01393399	5.765625E-4	0.14	0.1079	0.38	0.095472	0.5902815	1.680355E7	0.8908231	0.9118	1.5298	16.00763	1.0	0.832	1.304659E8	5.21529	0.4226095	0.1267	1.05E-4	3.0542697	0.2676726	0.09	0.5	1.5	1.0	1.5	98.37	0.2688	0.6	0.55	0.606258	0.0320656	0.003379	8.083333333333301E-5	1.9680209999999998E-7	3.819551E-8	1.438856E7	1000000.0	1.0	1.9	0.907	2.25	1.51	0.0651	0.2004	300.0	Function evaluation successful.
56	56	1	29.239126479946663	0.25	1.0666666666667	2.907	0.0	1.185	133322.387415	3766520.0	3766520.0	0.01393399	5.765625E-4	0.14	0.1079	0.38	0.095472	0.5902815	1.680355E7	0.8908231	0.9118	1.5298	16.00763	1.0	0.832	1.304659E8	5.21529	0.4226095	0.1267	1.05E-4	3.7329963	0.2676726	0.09	0.5	1.5	1.0	1.5	98.37	0.2688	0.6	0.55	0.606258	0.0320656	0.003379	8.083333333333301E-5	1.9680209999999998E-7	3.819551E-8	1.438856E7	1000000.0	1.0	1.9	0.907	2.25	1.51	0.0651	0.2004	300.0	Function evaluation successful.
57	57	1	28.26404663156236	0.25	1.0666666666667	2.907	0.0	1.185	133322.387415	3766520.0	3766520.0	0.01393399	5.765625E-4	0.14	0.1079	0.38	0.095472	0.5902815	1.680355E7	0.8908231	0.9118	1.5298	16.00763	1.0	0.832	1.304659E8	5.21529	0.4226095	0.1267	1.05E-4	3.393633	0.24090534	0.09	0.5	1.5	1.0	1.5	98.37	0.2688	0.6	0.55	0.606258	0.0320656	0.003379	8.083333333333301E-5	1.9680209999999998E-7	3.819551E-8	1.438856E7	1000000.0	1.0	1.9	0.907	2.25	1.51	0.0651	0.2004	300.0	Function evaluation successful.
58	58	1	26.246480369169703	0.25	1.0666666666667	2.907	0.0	1.185	133322.387415	3766520.0	3766520.0	0.01393399	5.765625E-4	0.14	0.1079	0.38	0.095472	0.5902815	1.680355E7	0.8908231	0.9118	1.5298	16.00763	1.0	0.832	1.304659E8	5.21529	0.4226095	0.1267	1.05E-4	3.393633	0.29443986	0.09	0.5	1.5	1.0	1.5	98.37	0.2688	0.6	0.55	0.606258	0.0320656	0.003379	8.083333333333301E-5	1.9680209999999998E-7	3.819551E-8	1.438856E7	1000000.0	1.0	1.9	0.907	2.25	1.51	0.0651	0.2004	300.0	Function evaluation successful.
59	59	1	26.986994262188965	0.25	1.0666666666667	2.907	0.0	1.185	133322.387415	3766520.0	3766520.0	0.01393399	5.765625E-4	0.14	0.1079	0.38	0.095472	0.5902815	1.680355E7	0.8908231	0.9118	1.5298	16.00763	1.0	0.832	1.304659E8	5.21529	0.4226095	0.1267	1.05E-4	3.393633	0.2676726	0.081	0.5	1.5	1.0	1.5	98.37	0.2688	0.6	0.55	0.606258	0.0320656	0.003379	8.083333333333301E-5	1.9680209999999998E-7	3.819551E-8	1.438856E7	1000000.0	1.0	1.9	0.907	2.25	1.51	0.0651	0.2004	300.0	Function evaluation successful.
60	60	1	26.986994262188965	0.25	1.0666666666667	2.907	0.0	1.185	133322.387415	3766520.0	3766520.0	0.01393399	5.765625E-4	0.14	0.1079	0.38	0.095472	0.5902815	1.680355E7	0.8908231	0.9118	1.5298	16.00763	1.0	0.832	1.304659E8	5.21529	0.4226095	0.1267	1.05E-4	3.393633	0.2676726	0.099	0.5	1.5	1.0	1.5	98.37	0.2688	0.6	0.55	0.606258	0.0320656	0.003379	8.083333333333301E-5	1.9680209999999998E-7	3.819551E-8	1.438856E7	1000000.0	1.0	1.9	0.907	2.25	1.51	0.0651	0.2004	300.0	Function evaluation successful.
61	61	1	8.245891146491369	0.25	1.0666666666667	2.907	0.0	1.185	133322.387415	3766520.0	3766520.0	0.01393399	5.765625E-4	0.14	0.1079	0.38	0.095472	0.5902815	1.680355E7	0.8908231	0.9118	1.5298	16.00763	1.0	0.832	1.304659E8	5.21529	0.4226095	0.1267	1.05E-4	3.393633	0.2676726	0.09	0.45	1.5	1.0	1.5	98.37	0.2688	0.6	0.55	0.606258	0.0320656	0.003379	8.083333333333301E-5	1.9680209999999998E-7	3.819551E-8	1.438856E7	1000000.0	1.0	1.9	0.907	2.25	1.51	0.0651	0.2004	300.0	Function evaluation successful.
62	62	1	15.541125514222408	0.25	1.0666666666667	2.907	0.0	1.185	133322.387415	3766520.0	3766520.0	0.01393399	5.765625E-4	0.14	0.1079	0.38	0.095472	0.5902815	1.680355E7	0.8908231	0.9118	1.5298	16.00763	1.0	0.832	1.304659E8	5.21529	0.4226095	0.1267	1.05E-4	3.393633	0.2676726	0.09	0.55	1.5	1.0	1.5	98.37	0.2688	0.6	0.55	0.606258	0.0320656	0.003379	8.083333333333301E-5	1.9680209999999998E-7	3.819551E-8	1.438856E7	1000000.0	1.0	1.9	0.907	2.25	1.51	0.0651	0.2004	300.0	Function evaluation successful.
63	63	1	27.108177880531006	0.25	1.0666666666667	2.907	0.0	1.185	133322.387415	3766520.0	3766520.0	0.01393399	5.765625E-4	0.14	0.1079	0.38	0.095472	0.5902815	1.680355E7	0.8908231	0.9118	1.5298	16.00763	1.0	0.832	1.304659E8	5.21529	0.4226095	0.1267	1.05E-4	3.393633	0.2676726	0.09	0.5	1.35	1.0	1.5	98.37	0.2688	0.6	0.55	0.606258	0.0320656	0.003379	8.083333333333301E-5	1.9680209999999998E-7	3.819551E-8	1.438856E7	1000000.0	1.0	1.9	0.907	2.25	1.51	0.0651	0.2004	300.0	Function evaluation successful.
64	64	1	26.982606450996602	0.25	1.0666666666667	2.907	0.0	1.185	133322.387415	3766520.0	3766520.0	0.01393399	5.765625E-4	0.14	0.1079	0.38	0.095472	0.5902815	1.680355E7	0.8908231	0.9118	1.5298	16.00763	1.0	0.832	1.304659E8	5.21529	0.4226095	0.1267	1.05E-4	3.393633	0.2676726	0.09	0.5	1.65	1.0	1.5	98.37	0.2688	0.6	0.55	0.606258	0.0320656	0.003379	8.083333333333301E-5	1.9680209999999998E-7	3.819551E-8	1.438856E7	1000000.0	1.0	1.9	0.907	2.25	1.51	0.0651	0.2004	300.0	Function evaluation successful.
65	65	1	26.986994262188965	0.25	1.0666666666667	2.907	0.0	1.185	133322.387415	3766520.0	3766520.0	0.01393399	5.765625E-4	0.14	0.1079	0.38	0.095472	0.5902815	1.680355E7	0.8908231	0.9118	1.5298	16.00763	1.0	0.832	1.304659E8	5.21529	0.4226095	0.1267	1.05E-4	3.393633	0.2676726	0.09	0.5	1.5	1.0	1.5	98.37	0.2688	0.6	0.55	0.606258	0.0320656	0.003379	8.083333333333301E-5	1.9680209999999998E-7	3.819551E-8	1.438856E7	1000000.0	1.0	1.9	0.907	2.25	1.51	0.0651	0.2004	300.0	Function evaluation successful.
66	66	1	26.986994262188965	0.25	1.0666666666667	2.907	0.0	1.185	133322.387415	3766520.0	3766520.0	0.01393399	5.765625E-4	0.14	0.1079	0.38	0.095472	0.5902815	1.680355E7	0.8908231	0.9118	1.5298	16.00763	1.0	0.832	1.304659E8	5.21529	0.4226095	0.1267	1.05E-4	3.393633	0.2676726	0.09	0.5	1.5	1.1	1.5	98.37	0.2688	0.6	0.55	0.606258	0.0320656	0.003379	8.083333333333301E-5	1.9680209999999998E-7	3.819551E-8	1.438856E7	1000000.0	1.0	1.9	0.907	2.25	1.51	0.0651	0.2004	300.0	Function evaluation successful.
67	67	1	26.986994262188965	0.25	1.0666666666667	2.907	0.0	1.185	133322.387415	3766520.0	3766520.0	0.01393399	5.765625E-4	0.14	0.1079	0.38	0.095472	0.5902815	1.680355E7	0.8908231	0.9118	1.5298	16.00763	1.0	0.832	1.304659E8	5.21529	0.4226095	0.1267	1.05E-4	3.393633	0.2676726	0.09	0.5	1.5	1.0	1.35	98.37	0.2688	0.6	0.55	0.606258	0.0320656	0.003379	8.083333333333301E-5	1.9680209999999998E-7	3.819551E-8	1.438856E7	1000000.0	1.0	1.9	0.907	2.25	1.51	0.0651	0.2004	300.0	Function evaluation successful.
68	68	1	26.986994262188965	0.25	1.0666666666667	2.907	0.0	1.185	133322.387415	3766520.0	3766520.0	0.01393399	5.765625E-4	0.14	0.1079	0.38	0.095472	0.5902815	1.680355E7	0.8908231	0.9118	1.5298	16.00763	1.0	0.832	1.304659E8	5.21529	0.4226095	0.1267	1.05E-4	3.393633	0.2676726	0.09	0.5	1.5	1.0	1.65	98.37	0.2688	0.6	0.55	0.606258	0.0320656	0.003379	8.083333333333301E-5	1.9680209999999998E-7	3.819551E-8	1.438856E7	1000000.0	1.0	1.9	0.907	2.25	1.51	0.0651	0.2004	300.0	Function evaluation successful.
69	69	1	27.884090570691757	0.25	1.0666666666667	2.907	0.0	1.185	133322.387415	3766520.0	3766520.0	0.01393399	5.765625E-4	0.14	0.1079	0.38	0.095472	0.5902815	1.680355E7	0.8908231	0.9118	1.5298	16.00763	1.0	0.832	1.304659E8	5.21529	0.4226095	0.1267	1.05E-4	3.393633	0.2676726	0.09	0.5	1.5	1.0	1.5	88.533	0.2688	0.6	0.55	0.606258	0.0320656	0.003379	8.083333333333301E-5	1.9680209999999998E-7	3.819551E-8	1.438856E7	1000000.0	1.0	1.9	0.907	2.25	1.51	0.0651	0.2004	300.0	Function evaluation successful.
70	70	1	26.28447033183139	0.25	1.0666666666667	2.907	0.0	1.185	133322.387415	3766520.0	3766520.0	0.01393399	5.765625E-4	0.14	0.1079	0.38	0.095472	0.5902815	1.680355E7	0.8908231	0.9118	1.5298	16.00763	1.0	0.832	1.304659E8	5.21529	0.4226095	0.1267	1.05E-4	3.393633	0.2676726	0.09	0.5	1.5	1.0	1.5	108.207	0.2688	0.6	0.55	0.606258	0.0320656	0.003379	8.083333333333301E-5	1.9680209999999998E-7	3.819551E-8	1.438856E7	1000000.0	1.0	1.9	0.907	2.25	1.51	0.0651	0.2004	300.0	Function evaluation successful.
71	71	1	20.30387842777561	0.25	1.0666666666667	2.907	0.0	1.185	133322.387415	3766520.0	3766520.0	0.01393399	5.765625E-4	0.14	0.1079	0.38	0.095472	0.5902815	1.680355E7	0.8908231	0.9118	1.5298	16.00763	1.0	0.832	1.304659E8	5.21529	0.4226095	0.1267	1.05E-4	3.393633	0.2676726	0.09	0.5	1.5	1.0	1.5	98.37	0.24192	0.6	0.55	0.606258	0.0320656	0.003379	8.083333333333301E-5	1.9680209999999998E-7	3.819551E-8	1.438856E7	1000000.0	1.0	1.9	0.907	2.25	1.51	0.0651	0.2004	300.0	Function evaluation successful.
72	72	1	36.99550995053136	0.25	1.0666666666667	2.907	0.0	1.185	133322.387415	3766520.0	3766520.0	0.01393399	5.765625E-4	0.14	0.1079	0.38	0.095472	0.5902815	1.680355E7	0.8908231	0.9118	1.5298	16.00763	1.0	0.832	1.304659E8	5.21529	0.4226095	0.1267	1.05E-4	3.393633	0.2676726	0.09	0.5	1.5	1.0	1.5	98.37	0.29568	0.6	0.55	0.606258	0.0320656	0.003379	8.083333333333301E-5	1.9680209999999998E-7	3.819551E-8	1.438856E7	1000000.0	1.0	1.9	0.907	2.25	1.51	0.0651	0.2004	300.0	Function evaluation successful.
73	73	1	25.009857727904798	0.25	1.0666666666667	2.907	0.0	1.185	133322.387415	3766520.0	3766520.0	0.01393399	5.765625E-4	0.14	0.1079	0.38	0.095472	0.5902815	1.680355E7	0.8908231	0.9118	1.5298	16.00763	1.0	0.832	1.304659E8	5.21529	0.4226095	0.1267	1.05E-4	3.393633	0.2676726	0.09	0.5	1.5	1.0	1.5	98.37	0.2688	0.54	0.55	0.606258	0.0320656	0.003379	8.083333333333301E-5	1.9680209999999998E-7	3.819551E-8	1.438856E7	1000000.0	1.0	1.9	0.907	2.25	1.51	0.0651	0.2004	300.0	Function evaluation successful.
74	74	1	29.837044583179054	0.25	1.0666666666667	2.907	0.0	1.185	133322.387415	3766520.0	3766520.0	0.01393399	5.765625E-4	0.14	0.1079	0.38	0.095472	0.5902815	1.680355E7	0.8908231	0.9118	1.5298	16.00763	1.0	0.832	1.304659E8	5.21529	0.4226095	0.1267	1.05E-4	3.393633	0.2676726	0.09	0.5	1.5	1.0	1.5	98.37	0.2688	0.66	0.55	0.606258	0.0320656	0.003379	8.083333333333301E-5	1.9680209999999998E-7	3.819551E-8	1.438856E7	1000000.0	1.0	1.9	0.907	2.25	1.51	0.0651	0.2004	300.0	Function evaluation successful.
75	75	1	26.072975719444376	0.25	1.0666666666667	2.907	0.0	1.185	133322.387415	3766520.0	3766520.0	0.01393399	5.765625E-4	0.14	0.1079	0.38	0.095472	0.5902815	1.680355E7	0.8908231	0.9118	1.5298	16.00763	1.0	0.832	1.304659E8	5.21529	0.4226095	0.1267	1.05E-4	3.393633	0.2676726	0.09	0.5	1.5	1.0	1.5	98.37	0.2688	0.6	0.4950000000000001	0.606258	0.0320656	0.003379	8.083333333333301E-5	1.9680209999999998E-7	3.819551E-8	1.438856E7	1000000.0	1.0	1.9	0.907	2.25	1.51	0.0651	0.2004	300.0	Function evaluation successful.
76	76	1	31.166070036412926	0.25	1.0666666666667	2.907	0.0	1.185	133322.387415	3766520.0	3766520.0	0.01393399	5.765625E-4	0.14	0.1079	0.38	0.095472	0.5902815	1.680355E7	0.8908231	0.9118	1.5298	16.00763	1.0	0.832	1.304659E8	5.21529	0.4226095	0.1267	1.05E-4	3.393633	0.2676726	0.09	0.5	1.5	1.0	1.5	98.37	0.2688	0.6	0.6050000000000001	0.606258	0.0320656	0.003379	8.083333333333301E-5	1.9680209999999998E-7	3.819551E-8	1.438856E7	1000000.0	1.0	1.9	0.907	2.25	1.51	0.0651	0.2004	300.0	Function evaluation successful.
77	77	1	27.023891733131563	0.25	1.0666666666667	2.907	0.0	1.185	133322.387415	3766520.0	3766520.0	0.01393399	5.765625E-4	0.14	0.1079	0.38	0.095472	0.5902815	1.680355E7	0.8908231	0.9118	1.5298	16.00763	1.0	0.832	1.304659E8	5.21529	0.4226095	0.1267	1.05E-4	3.393633	0.2676726	0.09	0.5	1.5	1.0	1.5	98.37	0.2688	0.6	0.55	0.5456322	0.0320656	0.003379	8.083333333333301E-5	1.9680209999999998E-7	3.819551E-8	1.438856E7	1000000.0	1.0	1.9	0.907	2.25	1.51	0.0651	0.2004	300.0	Function evaluation successful.
78	78	1	32.563899141318416	0.25	1.0666666666667	2.907	0.0	1.185	133322.387415	3766520.0	3766520.0	0.01393399	5.765625E-4	0.14	0.1079	0.38	0.095472	0.5902815	1.680355E7	0.8908231	0.9118	1.5298	16.00763	1.0	0.832	1.304659E8	5.21529	0.4226095	0.1267	1.05E-4	3.393633	0.2676726	0.09	0.5	1.5	1.0	1.5	98.37	0.2688	0.6	0.55	0.6668838	0.0320656	0.003379	8.083333333333301E-5	1.9680209999999998E-7	3.819551E-8	1.438856E7	1000000.0	1.0	1.9	0.907	2.25	1.51	0.0651	0.2004	300.0	Function evaluation successful.
79	79	1	21.416240089875526	0.25	1.0666666666667	2.907	0.0	1.185	133322.387415	3766520.0	3766520.0	0.01393399	5.765625E-4	0.14	0.1079	0.38	0.095472	0.5902815	1.680355E7	0.8908231	0.9118	1.5298	16.00763	1.0	0.832	1.304659E8	5.21529	0.4226095	0.1267	1.05E-4	3.393633	0.2676726	0.09	0.5	1.5	1.0	1.5	98.37	0.2688	0.6	0.55	0.606258	0.02885904	0.003379	8.083333333333301E-5	1.9680209999999998E-7	3.819551E-8	1.438856E7	1000000.0	1.0	1.9	0.907	2.25	1.51	0.0651	0.2004	300.0	Function evaluation successful.
80	80	1	15.023971945387508	0.25	1.0666666666667	2.907	0.0	1.185	133322.387415	3766520.0	3766520.0	0.01393399	5.765625E-4	0.14	0.1079	0.38	0.095472	0.5902815	1.680355E7	0.8908231	0.9118	1.5298	16.00763	1.0	0.832	1.304659E8	5.21529	0.4226095	0.1267	1.05E-4	3.393633	0.2676726	0.09	0.5	1.5	1.0	1.5	98.37	0.2688	0.6	0.55	0.606258	0.035272160000000004	0.003379	8.083333333333301E-5	1.9680209999999998E-7	3.819551E-8	1.438856E7	1000000.0	1.0	1.9	0.907	2.25	1.51	0.0651	0.2004	300.0	Function evaluation successful.
81	81	1	22.4619993847407	0.25	1.0666666666667	2.907	0.0	1.185	133322.387415	3766520.0	3766520.0	0.01393399	5.765625E-4	0.14	0.1079	0.38	0.095472	0.5902815	1.680355E7	0.8908231	0.9118	1.5298	16.00763	1.0	0.832	1.304659E8	5.21529	0.4226095	0.1267	1.05E-4	3.393633	0.2676726	0.09	0.5	1.5	1.0	1.5	98.37	0.2688	0.6	0.55	0.606258	0.0320656	0.0030411	8.083333333333301E-5	1.9680209999999998E-7	3.819551E-8	1.438856E7	1000000.0	1.0	1.9	0.907	2.25	1.51	0.0651	0.2004	300.0	Function evaluation successful.
82	82	1	15.652930106251063	0.25	1.0666666666667	2.907	0.0	1.185	133322.387415	3766520.0	3766520.0	0.01393399	5.765625E-4	0.14	0.1079	0.38	0.095472	0.5902815	1.680355E7	0.8908231	0.9118	1.5298	16.00763	1.0	0.832	1.304659E8	5.21529	0.4226095	0.1267	1.05E-4	3.393633	0.2676726	0.09	0.5	1.5	1.0	1.5	98.37	0.2688	0.6	0.55	0.606258	0.0320656	0.0037169	8.083333333333301E-5	1.9680209999999998E-7	3.819551E-8	1.438856E7	1000000.0	1.0	1.9	0.907	2.25	1.51	0.0651	0.2004	300.0	Function evaluation successful.
83	83	1	25.800695987043447	0.25	1.0666666666667	2.907	0.0	1.185	133322.387415	3766520.0	3766520.0	0.01393399	5.765625E-4	0.14	0.1079	0.38	0.095472	0.5902815	1.680355E7	0.8908231	0.9118	1.5298	16.00763	1.0	0.832	1.304659E8	5.21529	0.4226095	0.1267	1.05E-4	3.393633	0.2676726	0.09	0.5	1.5	1.0	1.5	98.37	0.2688	0.6	0.55	0.606258	0.0320656	0.003379	7.274999999999971E-5	1.9680209999999998E-7	3.819551E-8	1.438856E7	1000000.0	1.0	1.9	0.907	2.25	1.51	0.0651	0.2004	300.0	Function evaluation successful.
84	84	1	27.376763038318746	0.25	1.0666666666667	2.907	0.0	1.185	133322.387415	3766520.0	3766520.0	0.01393399	5.765625E-4	0.14	0.1079	0.38	0.095472	0.5902815	1.680355E7	0.8908231	0.9118	1.5298	16.00763	1.0	0.832	1.304659E8	5.21529	0.4226095	0.1267	1.05E-4	3.393633	0.2676726	0.09	0.5	1.5	1.0	1.5	98.37	0.2688	0.6	0.55	0.606258	0.0320656	0.003379	8.89166666666663E-5	1.9680209999999998E-7	3.819551E-8	1.438856E7	1000000.0	1.0	1.9	0.907	2.25	1.51	0.0651	0.2004	300.0	Function evaluation successful.
85	85	1	26.986994262188965	0.25	1.0666666666667	2.907	0.0	1.185	133322.387415	3766520.0	3766520.0	0.01393399	5.765625E-4	0.14	0.1079	0.38	0.095472	0.5902815	1.680355E7	0.8908231	0.9118	1.5298	16.00763	1.0	0.832	1.304659E8	5.21529	0.4226095	0.1267	1.05E-4	3.393633	0.2676726	0.09	0.5	1.5	1.0	1.5	98.37	0.2688	0.6	0.55	0.606258	0.0320656	0.003379	8.083333333333301E-5	1.7712189E-7	3.819551E-8	1.438856E7	1000000.0	1.0	1.9	0.907	2.25	1.51	0.0651	0.2004	300.0	Function evaluation successful.
86	86	1	26.986994262188965	0.25	1.0666666666667	2.907	0.0	1.185	133322.387415	3766520.0	3766520.0	0.01393399	5.765625E-4	0.14	0.1079	0.38	0.095472	0.5902815	1.680355E7	0.8908231	0.9118	1.5298	16.00763	1.0	0.832	1.304659E8	5.21529	0.4226095	0.1267	1.05E-4	3.393633	0.2676726	0.09	0.5	1.5	1.0	1.5	98.37	0.2688	0.6	0.55	0.606258	0.0320656	0.003379	8.083333333333301E-5	2.1648231000000003E-7	3.819551E-8	1.438856E7	1000000.0	1.0	1.9	0.907	2.25	1.51	0.0651	0.2004	300.0	Function evaluation successful.
87	87	1	24.754326387940694	0.25	1.0666666666667	2.907	0.0	1.185	133322.387415	3766520.0	3766520.0	0.01393399	5.765625E-4	0.14	0.1079	0.38	0.095472	0.5902815	1.680355E7	0.8908231	0.9118	1.5298	16.00763	1.0	0.832	1.304659E8	5.21529	0.4226095	0.1267	1.05E-4	3.393633	0.2676726	0.09	0.5	1.5	1.0	1.5	98.37	0.2688	0.6	0.55	0.606258	0.0320656	0.003379	8.083333333333301E-5	1.9680209999999998E-7	3.4375959000000006E-8	1.438856E7	1000000.0	1.0	1.9	0.907	2.25	1.51	0.0651	0.2004	300.0	Function evaluation successful.
88	88	1	29.698279426079676	0.25	1.0666666666667	2.907	0.0	1.185	133322.387415	3766520.0	3766520.0	0.01393399	5.765625E-4	0.14	0.1079	0.38	0.095472	0.5902815	1.680355E7	0.8908231	0.9118	1.5298	16.00763	1.0	0.832	1.304659E8	5.21529	0.4226095	0.1267	1.05E-4	3.393633	0.2676726	0.09	0.5	1.5	1.0	1.5	98.37	0.2688	0.6	0.55	0.606258	0.0320656	0.003379	8.083333333333301E-5	1.9680209999999998E-7	4.2015061000000006E-8	1.438856E7	1000000.0	1.0	1.9	0.907	2.25	1.51	0.0651	0.2004	300.0	Function evaluation successful.
89	89	1	24.756611359707318	0.25	1.0666666666667	2.907	0.0	1.185	133322.387415	3766520.0	3766520.0	0.01393399	5.765625E-4	0.14	0.1079	0.38	0.095472	0.5902815	1.680355E7	0.8908231	0.9118	1.5298	16.00763	1.0	0.832	1.304659E8	5.21529	0.4226095	0.1267	1.05E-4	3.393633	0.2676726	0.09	0.5	1.5	1.0	1.5	98.37	0.2688	0.6	0.55	0.606258	0.0320656	0.003379	8.083333333333301E-5	1.9680209999999998E-7	3.819551E-8	1.2949704E7	1000000.0	1.0	1.9	0.907	2.25	1.51	0.0651	0.2004	300.0	Function evaluation successful.
90	90	1	31.94057563785126	0.25	1.0666666666667	2.907	0.0	1.185	133322.387415	3766520.0	3766520.0	0.01393399	5.765625E-4	0.14	0.1079	0.38	0.095472	0.5902815	1.680355E7	0.8908231	0.9118	1.5298	16.00763	1.0	0.832	1.304659E8	5.21529	0.4226095	0.1267	1.05E-4	3.393633	0.2676726	0.09	0.5	1.5	1.0	1.5	98.37	0.2688	0.6	0.55	0.606258	0.0320656	0.003379	8.083333333333301E-5	1.9680209999999998E-7	3.819551E-8	1.5827416000000002E7	1000000.0	1.0	1.9	0.907	2.25	1.51	0.0651	0.2004	300.0	Function evaluation successful.
91	91	1	26.986994262188965	0.25	1.0666666666667	2.907	0.0	1.185	133322.387415	3766520.0	3766520.0	0.01393399	5.765625E-4	0.14	0.1079	0.38	0.095472	0.5902815	1.680355E7	0.8908231	0.9118	1.5298	16.00763	1.0	0.832	1.304659E8	5.21529	0.4226095	0.1267	1.05E-4	3.393633	0.2676726	0.09	0.5	1.5	1.0	1.5	98.37	0.2688	0.6	0.55	0.606258	0.0320656	0.003379	8.083333333333301E-5	1.9680209999999998E-7	3.819551E-8	1.438856E7	100000.0	1.0	1.9	0.907	2.25	1.51	0.0651	0.2004	300.0	Function evaluation successful.
92	92	1	26.986994262188965	0.25	1.0666666666667	2.907	0.0	1.185	133322.387415	3766520.0	3766520.0	0.01393399	5.765625E-4	0.14	0.1079	0.38	0.095472	0.5902815	1.680355E7	0.8908231	0.9118	1.5298	16.00763	1.0	0.832	1.304659E8	5.21529	0.4226095	0.1267	1.05E-4	3.393633	0.2676726	0.09	0.5	1.5	1.0	1.5	98.37	0.2688	0.6	0.55	0.606258	0.0320656	0.003379	8.083333333333301E-5	1.9680209999999998E-7	3.819551E-8	1.438856E7	1.0E7	1.0	1.9	0.907	2.25	1.51	0.0651	0.2004	300.0	Function evaluation successful.
93	93	1	34.227438503881054	0.25	1.0666666666667	2.907	0.0	1.185	133322.387415	3766520.0	3766520.0	0.01393399	5.765625E-4	0.14	0.1079	0.38	0.095472	0.5902815	1.680355E7	0.8908231	0.9118	1.5298	16.00763	1.0	0.832	1.304659E8	5.21529	0.4226095	0.1267	1.05E-4	3.393633	0.2676726	0.09	0.5	1.5	1.0	1.5	98.37	0.2688	0.6	0.55	0.606258	0.0320656	0.003379	8.083333333333301E-5	1.9680209999999998E-7	3.819551E-8	1.438856E7	1000000.0	0.9	1.9	0.907	2.25	1.51	0.0651	0.2004	300.0	Function evaluation successful.
65	94	1	26.986994262188965	0.25	1.0666666666667	2.907	0.0	1.185	133322.387415	3766520.0	3766520.0	0.01393399	5.765625E-4	0.14	0.1079	0.38	0.095472	0.5902815	1.680355E7	0.8908231	0.9118	1.5298	16.00763	1.0	0.832	1.304659E8	5.21529	0.4226095	0.1267	1.05E-4	3.393633	0.2676726	0.09	0.5	1.5	1.0	1.5	98.37	0.2688	0.6	0.55	0.606258	0.0320656	0.003379	8.083333333333301E-5	1.9680209999999998E-7	3.819551E-8	1.438856E7	1000000.0	1.0	1.9	0.907	2.25	1.51	0.0651	0.2004	300.0	Function evaluation successful.
94	95	1	9.045149843630359	0.25	1.0666666666667	2.907	0.0	1.185	133322.387415	3766520.0	3766520.0	0.01393399	5.765625E-4	0.14	0.1079	0.38	0.095472	0.5902815	1.680355E7	0.8908231	0.9118	1.5298	16.00763	1.0	0.832	1.304659E8	5.21529	0.4226095	0.1267	1.05E-4	3.393633	0.2676726	0.09	0.5	1.5	1.0	1.5	98.37	0.2688	0.6	0.55	0.606258	0.0320656	0.003379	8.083333333333301E-5	1.9680209999999998E-7	3.819551E-8	1.438856E7	1000000.0	1.0	1.71	0.907	2.25	1.51	0.0651	0.2004	300.0	Function evaluation successful.
95	96	1	37.755544137774876	0.25	1.0666666666667	2.907	0.0	1.185	133322.387415	3766520.0	3766520.0	0.01393399	5.765625E-4	0.14	0.1079	0.38	0.095472	0.5902815	1.680355E7	0.8908231	0.9118	1.5298	16.00763	1.0	0.832	1.304659E8	5.21529	0.4226095	0.1267	1.05E-4	3.393633	0.2676726	0.09	0.5	1.5	1.0	1.5	98.37	0.2688	0.6	0.55	0.606258	0.0320656	0.003379	8.083333333333301E-5	1.9680209999999998E-7	3.819551E-8	1.438856E7	1000000.0	1.0	2.09	0.907	2.25	1.51	0.0651	0.2004	300.0	Function evaluation successful.
96	97	1	25.69255212941585	0.25	1.0666666666667	2.907	0.0	1.185	133322.387415	3766520.0	3766520.0	0.01393399	5.765625E-4	0.14	0.1079	0.38	0.095472	0.5902815	1.680355E7	0.8908231	0.9118	1.5298	16.00763	1.0	0.832	1.304659E8	5.21529	0.4226095	0.1267	1.05E-4	3.393633	0.2676726	0.09	0.5	1.5	1.0	1.5	98.37	0.2688	0.6	0.55	0.606258	0.0320656	0.003379	8.083333333333301E-5	1.9680209999999998E-7	3.819551E-8	1.438856E7	1000000.0	1.0	1.9	0.8163	2.25	1.51	0.0651	0.2004	300.0	Function evaluation successful.
97	98	1	8.366713108000516	0.25	1.0666666666667	2.907	0.0	1.185	133322.387415	3766520.0	3766520.0	0.01393399	5.765625E-4	0.14	0.1079	0.38	0.095472	0.5902815	1.680355E7	0.8908231	0.9118	1.5298	16.00763	1.0	0.832	1.304659E8	5.21529	0.4226095	0.1267	1.05E-4	3.393633	0.2676726	0.09	0.5	1.5	1.0	1.5	98.37	0.2688	0.6	0.55	0.606258	0.0320656	0.003379	8.083333333333301E-5	1.9680209999999998E-7	3.819551E-8	1.438856E7	1000000.0	1.0	1.9	0.9977	2.25	1.51	0.0651	0.2004	300.0	Function evaluation successful.
98	99	1	34.28994760187662	0.25	1.0666666666667	2.907	0.0	1.185	133322.387415	3766520.0	3766520.0	0.01393399	5.765625E-4	0.14	0.1079	0.38	0.095472	0.5902815	1.680355E7	0.8908231	0.9118	1.5298	16.00763	1.0	0.832	1.304659E8	5.21529	0.4226095	0.1267	1.05E-4	3.393633	0.2676726	0.09	0.5	1.5	1.0	1.5	98.37	0.2688	0.6	0.55	0.606258	0.0320656	0.003379	8.083333333333301E-5	1.9680209999999998E-7	3.819551E-8	1.438856E7	1000000.0	1.0	1.9	0.907	2.025	1.51	0.0651	0.2004	300.0	Function evaluation successful.
99	100	1	27.21625536579502	0.25	1.0666666666667	2.907	0.0	1.185	133322.387415	3766520.0	3766520.0	0.01393399	5.765625E-4	0.14	0.1079	0.38	0.095472	0.5902815	1.680355E7	0.8908231	0.9118	1.5298	16.00763	1.0	0.832	1.304659E8	5.21529	0.4226095	0.1267	1.05E-4	3.393633	0.2676726	0.09	0.5	1.5	1.0	1.5	98.37	0.2688	0.6	0.55	0.606258	0.0320656	0.003379	8.083333333333301E-5	1.9680209999999998E-7	3.819551E-8	1.438856E7	1000000.0	1.0	1.9	0.907	2.475	1.51	0.0651	0.2004	300.0	Function evaluation successful.
100	101	1	38.26993826687507	0.25	1.0666666666667	2.907	0.0	1.185	133322.387415	3766520.0	3766520.0	0.01393399	5.765625E-4	0.14	0.1079	0.38	0.095472	0.5902815	1.680355E7	0.8908231	0.9118	1.5298	16.00763	1.0	0.832	1.304659E8	5.21529	0.4226095	0.1267	1.05E-4	3.393633	0.2676726	0.09	0.5	1.5	1.0	1.5	98.37	0.2688	0.6	0.55	0.606258	0.0320656	0.003379	8.083333333333301E-5	1.9680209999999998E-7	3.819551E-8	1.438856E7	1000000.0	1.0	1.9	0.907	2.25	1.359	0.0651	0.2004	300.0	Function evaluation successful.
101	102	1	4.925972659006376	0.25	1.0666666666667	2.907	0.0	1.185	133322.387415	3766520.0	3766520.0	0.01393399	5.765625E-4	0.14	0.1079	0.38	0.095472	0.5902815	1.680355E7	0.8908231	0.9118	1.5298	16.00763	1.0	0.832	1.304659E8	5.21529	0.4226095	0.1267	1.05E-4	3.393633	0.2676726	0.09	0.5	1.5	1.0	1.5	98.37	0.2688	0.6	0.55	0.606258	0.0320656	0.003379	8.083333333333301E-5	1.9680209999999998E-7	3.819551E-8	1.438856E7	1000000.0	1.0	1.9	0.907	2.25	1.6610000000000005	0.0651	0.2004	300.0	Function evaluation successful.
102	103	1	28.1017525781428	0.25	1.0666666666667	2.907	0.0	1.185	133322.387415	3766520.0	3766520.0	0.01393399	5.765625E-4	0.14	0.1079	0.38	0.095472	0.5902815	1.680355E7	0.8908231	0.9118	1.5298	16.00763	1.0	0.832	1.304659E8	5.21529	0.4226095	0.1267	1.05E-4	3.393633	0.2676726	0.09	0.5	1.5	1.0	1.5	98.37	0.2688	0.6	0.55	0.606258	0.0320656	0.003379	8.083333333333301E-5	1.9680209999999998E-7	3.819551E-8	1.438856E7	1000000.0	1.0	1.9	0.907	2.25	1.51	0.05859	0.2004	300.0	Function evaluation successful.
103	104	1	26.045157727460605	0.25	1.0666666666667	2.907	0.0	1.185	133322.387415	3766520.0	3766520.0	0.01393399	5.765625E-4	0.14	0.1079	0.38	0.095472	0.5902815	1.680355E7	0.8908231	0.9118	1.5298	16.00763	1.0	0.832	1.304659E8	5.21529	0.4226095	0.1267	1.05E-4	3.393633	0.2676726	0.09	0.5	1.5	1.0	1.5	98.37	0.2688	0.6	0.55	0.606258	0.0320656	0.003379	8.083333333333301E-5	1.9680209999999998E-7	3.819551E-8	1.438856E7	1000000.0	1.0	1.9	0.907	2.25	1.51	0.07161000000000001	0.2004	300.0	Function evaluation successful.
104	105	1	27.00100930822627	0.25	1.0666666666667	2.907	0.0	1.185	133322.387415	3766520.0	3766520.0	0.01393399	5.765625E-4	0.14	0.1079	0.38	0.095472	0.5902815	1.680355E7	0.8908231	0.9118	1.5298	16.00763	1.0	0.832	1.304659E8	5.21529	0.4226095	0.1267	1.05E-4	3.393633	0.2676726	0.09	0.5	1.5	1.0	1.5	98.37	0.2688	0.6	0.55	0.606258	0.0320656	0.003379	8.083333333333301E-5	1.9680209999999998E-7	3.819551E-8	1.438856E7	1000000.0	1.0	1.9	0.907	2.25	1.51	0.0651	0.18036	300.0	Function evaluation successful.
105	106	1	27.070813308483523	0.25	1.0666666666667	2.907	0.0	1.185	133322.387415	3766520.0	3766520.0	0.01393399	5.765625E-4	0.14	0.1079	0.38	0.095472	0.5902815	1.680355E7	0.8908231	0.9118	1.5298	16.00763	1.0	0.832	1.304659E8	5.21529	0.4226095	0.1267	1.05E-4	3.393633	0.2676726	0.09	0.5	1.5	1.0	1.5	98.37	0.2688	0.6	0.55	0.606258	0.0320656	0.003379	8.083333333333301E-5	1.9680209999999998E-7	3.819551E-8	1.438856E7	1000000.0	1.0	1.9	0.907	2.25	1.51	0.0651	0.22044	300.0	Function evaluation successful.
106	107	1	35.390810076270114	0.25	1.0666666666667	2.907	0.0	1.185	133322.387415	3766520.0	3766520.0	0.01393399	5.765625E-4	0.14	0.1079	0.38	0.095472	0.5902815	1.680355E7	0.8908231	0.9118	1.5298	16.00763	1.0	0.832	1.304659E8	5.21529	0.4226095	0.1267	1.05E-4	3.393633	0.2676726	0.09	0.5	1.5	1.0	1.5	98.37	0.2688	0.6	0.55	0.606258	0.0320656	0.003379	8.083333333333301E-5	1.9680209999999998E-7	3.819551E-8	1.438856E7	1000000.0	1.0	1.9	0.907	2.25	1.51	0.0651	0.2004	270.0	Function evaluation successful.
107	108	1	26.236004698035057	0.25	1.0666666666667	2.907	0.0	1.185	133322.387415	3766520.0	3766520.0	0.01393399	5.765625E-4	0.14	0.1079	0.38	0.095472	0.5902815	1.680355E7	0.8908231	0.9118	1.5298	16.00763	1.0	0.832	1.304659E8	5.21529	0.4226095	0.1267	1.05E-4	3.393633	0.2676726	0.09	0.5	1.5	1.0	1.5	98.37	0.2688	0.6	0.55	0.606258	0.0320656	0.003379	8.083333333333301E-5	1.9680209999999998E-7	3.819551E-8	1.438856E7	1000000.0	1.0	1.9	0.907	2.25	1.51	0.0651	0.2004	330.0	Function evaluation successful.
