GenOpt(R) Version 3.1.1, March 29, 2016

Lawrence Berkeley National Laboratory
http://simulationresearch.lbl.gov
Michael Wetter, MWetter@lbl.gov

GenOpt Copyright (c) 1998-2016, The Regents of the
University of California, through Lawrence Berkeley
National Laboratory (subject to receipt of any 
required approvals from the U.S. Dept. of Energy).
All rights reserved.
_______________________________________________________________

Results of Parametric algorithm
Start time: Wed Jun 10 19:27:54 CEST 2020

Main Iterations


Simulation Number	Main Iteration	Step Number	f(x)	settings.phi0	settings.height	settings.weight	settings.age	settings.HR_nominal	settings.HR_max	settings.V_PV_init	settings.heart_R_vlv	settings.heart_R_LA	settings.heart_R_RA	settings.heart_drive_offset	settings.heart_drive_offset_maxAct	settings.heart_drive_k_TS	settings.heart_drive_k_TS_maxAct	settings.heart_drive_k_TR	settings.heart_drive_k_TR_maxAct	settings.heart_drive_drive	settings.heart_atr_Tact	settings.heart_atr_Emin	settings.heart_atr_Emax	settings.heart_atr_sigma_a	settings.heart_vntr_Vw_factor	settings.heart_vntr_AmRef_factor	settings.heart_vntr_sigma_act_factor	settings.heart_vntr_sigma_actMaxAct_factor	settings.heart_vntr_k_passive_factor	settings.thoracic_pressure_ratio	settings.hydrostaticLevel_correction	settings.TPR	settings.TR_frac	settings.k_E	settings.R_vc	settings.tissues_nominal_pressure	settings.tissues_nominal_zpv	settings.tissues_nominal_stressed_volume	settings.tissues_nominal_cardiac_output	settings.Ra_factor	settings.tissues_Ra_tau	settings.tissuesCompliance_PhiEffect	settings.exercise_factor_on_tissue_compliance	settings.tissues_gamma	settings.exercise_factor	settings.veins_gamma	settings.veins_alpha	settings.veins_activation_tau	settings.venous_diameter_correction	settings.vessel_a	settings.vessel_b	settings.vessel_c	settings.vessel_d	settings.blood_mu	settings.blood_rho	settings.baro_d0	settings.baro_Ts	settings.baro_delta0_factor	settings.baro_delta0_aor	settings.baro_delta0_car	settings.baro_g	settings.baro_fsn	settings.baro_f1	settings.pulm_CO_target	settings.pulm_C_PV	settings.pulm_C_PA	settings.pulm_R_PA
1	1	1	0.30744012918847463	0.225	1.7	70.0	35.0	1.0	3.0	7.400000000000001E-5	133322.387415	1999835.811225	1999835.811225	0.0162625	7.6875E-4	0.14	0.13	0.45	0.08	1.0	0.1	0.05	0.15	0.125	0.90375	1.06	2.0	30.25	1.0	0.8	1.0	1.19490152E8	5.118955	0.358125	0.25	2666.4477483	0.002304	7.95E-4	1.05E-4	4.2625	1.2E-5	0.2	0.2	0.5	40.0	0.5	5.0	0.1	1.5	0.2802	-505.3	0.1324	-11.14	0.004	1050.0	1.5	300.0	0.25	0.6	0.55	0.54	0.036	0.0031	4850.0	1.8751539396141E-7	4.0503325095665E-8	2.1441532959301E7	Initial point.
2	2	1	0.3213715416425441	0.275	1.7	70.0	35.0	1.0	3.0	7.400000000000001E-5	133322.387415	1999835.811225	1999835.811225	0.0162625	7.6875E-4	0.14	0.13	0.45	0.08	1.0	0.1	0.05	0.15	0.125	0.90375	1.06	2.0	30.25	1.0	0.8	1.0	1.19490152E8	5.118955	0.358125	0.25	2666.4477483	0.002304	7.95E-4	1.05E-4	4.2625	1.2E-5	0.2	0.2	0.5	40.0	0.5	5.0	0.1	1.5	0.2802	-505.3	0.1324	-11.14	0.004	1050.0	1.5	300.0	0.25	0.6	0.55	0.54	0.036	0.0031	4850.0	1.8751539396141E-7	4.0503325095665E-8	2.1441532959301E7	Function evaluation successful.
3	3	1	0.2301006996163931	0.25	1.53	70.0	35.0	1.0	3.0	7.400000000000001E-5	133322.387415	1999835.811225	1999835.811225	0.0162625	7.6875E-4	0.14	0.13	0.45	0.08	1.0	0.1	0.05	0.15	0.125	0.90375	1.06	2.0	30.25	1.0	0.8	1.0	1.19490152E8	5.118955	0.358125	0.25	2666.4477483	0.002304	7.95E-4	1.05E-4	4.2625	1.2E-5	0.2	0.2	0.5	40.0	0.5	5.0	0.1	1.5	0.2802	-505.3	0.1324	-11.14	0.004	1050.0	1.5	300.0	0.25	0.6	0.55	0.54	0.036	0.0031	4850.0	1.8751539396141E-7	4.0503325095665E-8	2.1441532959301E7	Function evaluation successful.
4	4	1	0.4951312716991352	0.25	1.87	70.0	35.0	1.0	3.0	7.400000000000001E-5	133322.387415	1999835.811225	1999835.811225	0.0162625	7.6875E-4	0.14	0.13	0.45	0.08	1.0	0.1	0.05	0.15	0.125	0.90375	1.06	2.0	30.25	1.0	0.8	1.0	1.19490152E8	5.118955	0.358125	0.25	2666.4477483	0.002304	7.95E-4	1.05E-4	4.2625	1.2E-5	0.2	0.2	0.5	40.0	0.5	5.0	0.1	1.5	0.2802	-505.3	0.1324	-11.14	0.004	1050.0	1.5	300.0	0.25	0.6	0.55	0.54	0.036	0.0031	4850.0	1.8751539396141E-7	4.0503325095665E-8	2.1441532959301E7	Function evaluation successful.
5	5	1	0.27449827238861685	0.25	1.7	63.0	35.0	1.0	3.0	7.400000000000001E-5	133322.387415	1999835.811225	1999835.811225	0.0162625	7.6875E-4	0.14	0.13	0.45	0.08	1.0	0.1	0.05	0.15	0.125	0.90375	1.06	2.0	30.25	1.0	0.8	1.0	1.19490152E8	5.118955	0.358125	0.25	2666.4477483	0.002304	7.95E-4	1.05E-4	4.2625	1.2E-5	0.2	0.2	0.5	40.0	0.5	5.0	0.1	1.5	0.2802	-505.3	0.1324	-11.14	0.004	1050.0	1.5	300.0	0.25	0.6	0.55	0.54	0.036	0.0031	4850.0	1.8751539396141E-7	4.0503325095665E-8	2.1441532959301E7	Function evaluation successful.
6	6	1	0.2745057097637196	0.25	1.7	77.0	35.0	1.0	3.0	7.400000000000001E-5	133322.387415	1999835.811225	1999835.811225	0.0162625	7.6875E-4	0.14	0.13	0.45	0.08	1.0	0.1	0.05	0.15	0.125	0.90375	1.06	2.0	30.25	1.0	0.8	1.0	1.19490152E8	5.118955	0.358125	0.25	2666.4477483	0.002304	7.95E-4	1.05E-4	4.2625	1.2E-5	0.2	0.2	0.5	40.0	0.5	5.0	0.1	1.5	0.2802	-505.3	0.1324	-11.14	0.004	1050.0	1.5	300.0	0.25	0.6	0.55	0.54	0.036	0.0031	4850.0	1.8751539396141E-7	4.0503325095665E-8	2.1441532959301E7	Function evaluation successful.
7	7	1	0.274507689945163	0.25	1.7	70.0	31.5	1.0	3.0	7.400000000000001E-5	133322.387415	1999835.811225	1999835.811225	0.0162625	7.6875E-4	0.14	0.13	0.45	0.08	1.0	0.1	0.05	0.15	0.125	0.90375	1.06	2.0	30.25	1.0	0.8	1.0	1.19490152E8	5.118955	0.358125	0.25	2666.4477483	0.002304	7.95E-4	1.05E-4	4.2625	1.2E-5	0.2	0.2	0.5	40.0	0.5	5.0	0.1	1.5	0.2802	-505.3	0.1324	-11.14	0.004	1050.0	1.5	300.0	0.25	0.6	0.55	0.54	0.036	0.0031	4850.0	1.8751539396141E-7	4.0503325095665E-8	2.1441532959301E7	Function evaluation successful.
8	8	1	0.27450102538293414	0.25	1.7	70.0	38.5	1.0	3.0	7.400000000000001E-5	133322.387415	1999835.811225	1999835.811225	0.0162625	7.6875E-4	0.14	0.13	0.45	0.08	1.0	0.1	0.05	0.15	0.125	0.90375	1.06	2.0	30.25	1.0	0.8	1.0	1.19490152E8	5.118955	0.358125	0.25	2666.4477483	0.002304	7.95E-4	1.05E-4	4.2625	1.2E-5	0.2	0.2	0.5	40.0	0.5	5.0	0.1	1.5	0.2802	-505.3	0.1324	-11.14	0.004	1050.0	1.5	300.0	0.25	0.6	0.55	0.54	0.036	0.0031	4850.0	1.8751539396141E-7	4.0503325095665E-8	2.1441532959301E7	Function evaluation successful.
9	9	1	0.2974596409768485	0.25	1.7	70.0	35.0	0.9	3.0	7.400000000000001E-5	133322.387415	1999835.811225	1999835.811225	0.0162625	7.6875E-4	0.14	0.13	0.45	0.08	1.0	0.1	0.05	0.15	0.125	0.90375	1.06	2.0	30.25	1.0	0.8	1.0	1.19490152E8	5.118955	0.358125	0.25	2666.4477483	0.002304	7.95E-4	1.05E-4	4.2625	1.2E-5	0.2	0.2	0.5	40.0	0.5	5.0	0.1	1.5	0.2802	-505.3	0.1324	-11.14	0.004	1050.0	1.5	300.0	0.25	0.6	0.55	0.54	0.036	0.0031	4850.0	1.8751539396141E-7	4.0503325095665E-8	2.1441532959301E7	Function evaluation successful.
10	10	1	0.328485553978089	0.25	1.7	70.0	35.0	1.1	3.0	7.400000000000001E-5	133322.387415	1999835.811225	1999835.811225	0.0162625	7.6875E-4	0.14	0.13	0.45	0.08	1.0	0.1	0.05	0.15	0.125	0.90375	1.06	2.0	30.25	1.0	0.8	1.0	1.19490152E8	5.118955	0.358125	0.25	2666.4477483	0.002304	7.95E-4	1.05E-4	4.2625	1.2E-5	0.2	0.2	0.5	40.0	0.5	5.0	0.1	1.5	0.2802	-505.3	0.1324	-11.14	0.004	1050.0	1.5	300.0	0.25	0.6	0.55	0.54	0.036	0.0031	4850.0	1.8751539396141E-7	4.0503325095665E-8	2.1441532959301E7	Function evaluation successful.
11	11	1	0.2867692148009824	0.25	1.7	70.0	35.0	1.0	2.7	7.400000000000001E-5	133322.387415	1999835.811225	1999835.811225	0.0162625	7.6875E-4	0.14	0.13	0.45	0.08	1.0	0.1	0.05	0.15	0.125	0.90375	1.06	2.0	30.25	1.0	0.8	1.0	1.19490152E8	5.118955	0.358125	0.25	2666.4477483	0.002304	7.95E-4	1.05E-4	4.2625	1.2E-5	0.2	0.2	0.5	40.0	0.5	5.0	0.1	1.5	0.2802	-505.3	0.1324	-11.14	0.004	1050.0	1.5	300.0	0.25	0.6	0.55	0.54	0.036	0.0031	4850.0	1.8751539396141E-7	4.0503325095665E-8	2.1441532959301E7	Function evaluation successful.
12	12	1	0.3226530779591521	0.25	1.7	70.0	35.0	1.0	3.3000000000000003	7.400000000000001E-5	133322.387415	1999835.811225	1999835.811225	0.0162625	7.6875E-4	0.14	0.13	0.45	0.08	1.0	0.1	0.05	0.15	0.125	0.90375	1.06	2.0	30.25	1.0	0.8	1.0	1.19490152E8	5.118955	0.358125	0.25	2666.4477483	0.002304	7.95E-4	1.05E-4	4.2625	1.2E-5	0.2	0.2	0.5	40.0	0.5	5.0	0.1	1.5	0.2802	-505.3	0.1324	-11.14	0.004	1050.0	1.5	300.0	0.25	0.6	0.55	0.54	0.036	0.0031	4850.0	1.8751539396141E-7	4.0503325095665E-8	2.1441532959301E7	Function evaluation successful.
13	13	1	0.27450706901832184	0.25	1.7	70.0	35.0	1.0	3.0	6.659999999999999E-5	133322.387415	1999835.811225	1999835.811225	0.0162625	7.6875E-4	0.14	0.13	0.45	0.08	1.0	0.1	0.05	0.15	0.125	0.90375	1.06	2.0	30.25	1.0	0.8	1.0	1.19490152E8	5.118955	0.358125	0.25	2666.4477483	0.002304	7.95E-4	1.05E-4	4.2625	1.2E-5	0.2	0.2	0.5	40.0	0.5	5.0	0.1	1.5	0.2802	-505.3	0.1324	-11.14	0.004	1050.0	1.5	300.0	0.25	0.6	0.55	0.54	0.036	0.0031	4850.0	1.8751539396141E-7	4.0503325095665E-8	2.1441532959301E7	Function evaluation successful.
14	14	1	0.27450095145955644	0.25	1.7	70.0	35.0	1.0	3.0	8.140000000000001E-5	133322.387415	1999835.811225	1999835.811225	0.0162625	7.6875E-4	0.14	0.13	0.45	0.08	1.0	0.1	0.05	0.15	0.125	0.90375	1.06	2.0	30.25	1.0	0.8	1.0	1.19490152E8	5.118955	0.358125	0.25	2666.4477483	0.002304	7.95E-4	1.05E-4	4.2625	1.2E-5	0.2	0.2	0.5	40.0	0.5	5.0	0.1	1.5	0.2802	-505.3	0.1324	-11.14	0.004	1050.0	1.5	300.0	0.25	0.6	0.55	0.54	0.036	0.0031	4850.0	1.8751539396141E-7	4.0503325095665E-8	2.1441532959301E7	Function evaluation successful.
15	15	1	0.264087174154774	0.25	1.7	70.0	35.0	1.0	3.0	7.400000000000001E-5	119990.1486735	1999835.811225	1999835.811225	0.0162625	7.6875E-4	0.14	0.13	0.45	0.08	1.0	0.1	0.05	0.15	0.125	0.90375	1.06	2.0	30.25	1.0	0.8	1.0	1.19490152E8	5.118955	0.358125	0.25	2666.4477483	0.002304	7.95E-4	1.05E-4	4.2625	1.2E-5	0.2	0.2	0.5	40.0	0.5	5.0	0.1	1.5	0.2802	-505.3	0.1324	-11.14	0.004	1050.0	1.5	300.0	0.25	0.6	0.55	0.54	0.036	0.0031	4850.0	1.8751539396141E-7	4.0503325095665E-8	2.1441532959301E7	Function evaluation successful.
16	16	1	0.28708575512258877	0.25	1.7	70.0	35.0	1.0	3.0	7.400000000000001E-5	146654.62615650002	1999835.811225	1999835.811225	0.0162625	7.6875E-4	0.14	0.13	0.45	0.08	1.0	0.1	0.05	0.15	0.125	0.90375	1.06	2.0	30.25	1.0	0.8	1.0	1.19490152E8	5.118955	0.358125	0.25	2666.4477483	0.002304	7.95E-4	1.05E-4	4.2625	1.2E-5	0.2	0.2	0.5	40.0	0.5	5.0	0.1	1.5	0.2802	-505.3	0.1324	-11.14	0.004	1050.0	1.5	300.0	0.25	0.6	0.55	0.54	0.036	0.0031	4850.0	1.8751539396141E-7	4.0503325095665E-8	2.1441532959301E7	Function evaluation successful.
17	17	1	0.32196232105721856	0.25	1.7	70.0	35.0	1.0	3.0	7.400000000000001E-5	133322.387415	1799852.2301025002	1999835.811225	0.0162625	7.6875E-4	0.14	0.13	0.45	0.08	1.0	0.1	0.05	0.15	0.125	0.90375	1.06	2.0	30.25	1.0	0.8	1.0	1.19490152E8	5.118955	0.358125	0.25	2666.4477483	0.002304	7.95E-4	1.05E-4	4.2625	1.2E-5	0.2	0.2	0.5	40.0	0.5	5.0	0.1	1.5	0.2802	-505.3	0.1324	-11.14	0.004	1050.0	1.5	300.0	0.25	0.6	0.55	0.54	0.036	0.0031	4850.0	1.8751539396141E-7	4.0503325095665E-8	2.1441532959301E7	Function evaluation successful.
18	18	1	0.29204270956333594	0.25	1.7	70.0	35.0	1.0	3.0	7.400000000000001E-5	133322.387415	2199819.3923475	1999835.811225	0.0162625	7.6875E-4	0.14	0.13	0.45	0.08	1.0	0.1	0.05	0.15	0.125	0.90375	1.06	2.0	30.25	1.0	0.8	1.0	1.19490152E8	5.118955	0.358125	0.25	2666.4477483	0.002304	7.95E-4	1.05E-4	4.2625	1.2E-5	0.2	0.2	0.5	40.0	0.5	5.0	0.1	1.5	0.2802	-505.3	0.1324	-11.14	0.004	1050.0	1.5	300.0	0.25	0.6	0.55	0.54	0.036	0.0031	4850.0	1.8751539396141E-7	4.0503325095665E-8	2.1441532959301E7	Function evaluation successful.
19	19	1	0.29377488123125406	0.25	1.7	70.0	35.0	1.0	3.0	7.400000000000001E-5	133322.387415	1999835.811225	1799852.2301025002	0.0162625	7.6875E-4	0.14	0.13	0.45	0.08	1.0	0.1	0.05	0.15	0.125	0.90375	1.06	2.0	30.25	1.0	0.8	1.0	1.19490152E8	5.118955	0.358125	0.25	2666.4477483	0.002304	7.95E-4	1.05E-4	4.2625	1.2E-5	0.2	0.2	0.5	40.0	0.5	5.0	0.1	1.5	0.2802	-505.3	0.1324	-11.14	0.004	1050.0	1.5	300.0	0.25	0.6	0.55	0.54	0.036	0.0031	4850.0	1.8751539396141E-7	4.0503325095665E-8	2.1441532959301E7	Function evaluation successful.
20	20	1	0.27512107512818845	0.25	1.7	70.0	35.0	1.0	3.0	7.400000000000001E-5	133322.387415	1999835.811225	2199819.3923475	0.0162625	7.6875E-4	0.14	0.13	0.45	0.08	1.0	0.1	0.05	0.15	0.125	0.90375	1.06	2.0	30.25	1.0	0.8	1.0	1.19490152E8	5.118955	0.358125	0.25	2666.4477483	0.002304	7.95E-4	1.05E-4	4.2625	1.2E-5	0.2	0.2	0.5	40.0	0.5	5.0	0.1	1.5	0.2802	-505.3	0.1324	-11.14	0.004	1050.0	1.5	300.0	0.25	0.6	0.55	0.54	0.036	0.0031	4850.0	1.8751539396141E-7	4.0503325095665E-8	2.1441532959301E7	Function evaluation successful.
21	21	1	0.31731728168685736	0.25	1.7	70.0	35.0	1.0	3.0	7.400000000000001E-5	133322.387415	1999835.811225	1999835.811225	0.01463625	7.6875E-4	0.14	0.13	0.45	0.08	1.0	0.1	0.05	0.15	0.125	0.90375	1.06	2.0	30.25	1.0	0.8	1.0	1.19490152E8	5.118955	0.358125	0.25	2666.4477483	0.002304	7.95E-4	1.05E-4	4.2625	1.2E-5	0.2	0.2	0.5	40.0	0.5	5.0	0.1	1.5	0.2802	-505.3	0.1324	-11.14	0.004	1050.0	1.5	300.0	0.25	0.6	0.55	0.54	0.036	0.0031	4850.0	1.8751539396141E-7	4.0503325095665E-8	2.1441532959301E7	Function evaluation successful.
22	22	1	0.3403188573841973	0.25	1.7	70.0	35.0	1.0	3.0	7.400000000000001E-5	133322.387415	1999835.811225	1999835.811225	0.017888750000000002	7.6875E-4	0.14	0.13	0.45	0.08	1.0	0.1	0.05	0.15	0.125	0.90375	1.06	2.0	30.25	1.0	0.8	1.0	1.19490152E8	5.118955	0.358125	0.25	2666.4477483	0.002304	7.95E-4	1.05E-4	4.2625	1.2E-5	0.2	0.2	0.5	40.0	0.5	5.0	0.1	1.5	0.2802	-505.3	0.1324	-11.14	0.004	1050.0	1.5	300.0	0.25	0.6	0.55	0.54	0.036	0.0031	4850.0	1.8751539396141E-7	4.0503325095665E-8	2.1441532959301E7	Function evaluation successful.
23	23	1	0.27417254184745254	0.25	1.7	70.0	35.0	1.0	3.0	7.400000000000001E-5	133322.387415	1999835.811225	1999835.811225	0.0162625	6.91875E-4	0.14	0.13	0.45	0.08	1.0	0.1	0.05	0.15	0.125	0.90375	1.06	2.0	30.25	1.0	0.8	1.0	1.19490152E8	5.118955	0.358125	0.25	2666.4477483	0.002304	7.95E-4	1.05E-4	4.2625	1.2E-5	0.2	0.2	0.5	40.0	0.5	5.0	0.1	1.5	0.2802	-505.3	0.1324	-11.14	0.004	1050.0	1.5	300.0	0.25	0.6	0.55	0.54	0.036	0.0031	4850.0	1.8751539396141E-7	4.0503325095665E-8	2.1441532959301E7	Function evaluation successful.
24	24	1	0.27503869435948586	0.25	1.7	70.0	35.0	1.0	3.0	7.400000000000001E-5	133322.387415	1999835.811225	1999835.811225	0.0162625	8.456250000000001E-4	0.14	0.13	0.45	0.08	1.0	0.1	0.05	0.15	0.125	0.90375	1.06	2.0	30.25	1.0	0.8	1.0	1.19490152E8	5.118955	0.358125	0.25	2666.4477483	0.002304	7.95E-4	1.05E-4	4.2625	1.2E-5	0.2	0.2	0.5	40.0	0.5	5.0	0.1	1.5	0.2802	-505.3	0.1324	-11.14	0.004	1050.0	1.5	300.0	0.25	0.6	0.55	0.54	0.036	0.0031	4850.0	1.8751539396141E-7	4.0503325095665E-8	2.1441532959301E7	Function evaluation successful.
25	25	1	0.283222627098459	0.25	1.7	70.0	35.0	1.0	3.0	7.400000000000001E-5	133322.387415	1999835.811225	1999835.811225	0.0162625	7.6875E-4	0.12600000000000003	0.13	0.45	0.08	1.0	0.1	0.05	0.15	0.125	0.90375	1.06	2.0	30.25	1.0	0.8	1.0	1.19490152E8	5.118955	0.358125	0.25	2666.4477483	0.002304	7.95E-4	1.05E-4	4.2625	1.2E-5	0.2	0.2	0.5	40.0	0.5	5.0	0.1	1.5	0.2802	-505.3	0.1324	-11.14	0.004	1050.0	1.5	300.0	0.25	0.6	0.55	0.54	0.036	0.0031	4850.0	1.8751539396141E-7	4.0503325095665E-8	2.1441532959301E7	Function evaluation successful.
26	26	1	0.28445164254352845	0.25	1.7	70.0	35.0	1.0	3.0	7.400000000000001E-5	133322.387415	1999835.811225	1999835.811225	0.0162625	7.6875E-4	0.15400000000000005	0.13	0.45	0.08	1.0	0.1	0.05	0.15	0.125	0.90375	1.06	2.0	30.25	1.0	0.8	1.0	1.19490152E8	5.118955	0.358125	0.25	2666.4477483	0.002304	7.95E-4	1.05E-4	4.2625	1.2E-5	0.2	0.2	0.5	40.0	0.5	5.0	0.1	1.5	0.2802	-505.3	0.1324	-11.14	0.004	1050.0	1.5	300.0	0.25	0.6	0.55	0.54	0.036	0.0031	4850.0	1.8751539396141E-7	4.0503325095665E-8	2.1441532959301E7	Function evaluation successful.
27	27	1	0.2724667615813311	0.25	1.7	70.0	35.0	1.0	3.0	7.400000000000001E-5	133322.387415	1999835.811225	1999835.811225	0.0162625	7.6875E-4	0.14	0.117	0.45	0.08	1.0	0.1	0.05	0.15	0.125	0.90375	1.06	2.0	30.25	1.0	0.8	1.0	1.19490152E8	5.118955	0.358125	0.25	2666.4477483	0.002304	7.95E-4	1.05E-4	4.2625	1.2E-5	0.2	0.2	0.5	40.0	0.5	5.0	0.1	1.5	0.2802	-505.3	0.1324	-11.14	0.004	1050.0	1.5	300.0	0.25	0.6	0.55	0.54	0.036	0.0031	4850.0	1.8751539396141E-7	4.0503325095665E-8	2.1441532959301E7	Function evaluation successful.
28	28	1	0.2799457250149091	0.25	1.7	70.0	35.0	1.0	3.0	7.400000000000001E-5	133322.387415	1999835.811225	1999835.811225	0.0162625	7.6875E-4	0.14	0.14300000000000002	0.45	0.08	1.0	0.1	0.05	0.15	0.125	0.90375	1.06	2.0	30.25	1.0	0.8	1.0	1.19490152E8	5.118955	0.358125	0.25	2666.4477483	0.002304	7.95E-4	1.05E-4	4.2625	1.2E-5	0.2	0.2	0.5	40.0	0.5	5.0	0.1	1.5	0.2802	-505.3	0.1324	-11.14	0.004	1050.0	1.5	300.0	0.25	0.6	0.55	0.54	0.036	0.0031	4850.0	1.8751539396141E-7	4.0503325095665E-8	2.1441532959301E7	Function evaluation successful.
29	29	1	0.24120242351069326	0.25	1.7	70.0	35.0	1.0	3.0	7.400000000000001E-5	133322.387415	1999835.811225	1999835.811225	0.0162625	7.6875E-4	0.14	0.13	0.405	0.08	1.0	0.1	0.05	0.15	0.125	0.90375	1.06	2.0	30.25	1.0	0.8	1.0	1.19490152E8	5.118955	0.358125	0.25	2666.4477483	0.002304	7.95E-4	1.05E-4	4.2625	1.2E-5	0.2	0.2	0.5	40.0	0.5	5.0	0.1	1.5	0.2802	-505.3	0.1324	-11.14	0.004	1050.0	1.5	300.0	0.25	0.6	0.55	0.54	0.036	0.0031	4850.0	1.8751539396141E-7	4.0503325095665E-8	2.1441532959301E7	Function evaluation successful.
30	30	1	0.2607841960588651	0.25	1.7	70.0	35.0	1.0	3.0	7.400000000000001E-5	133322.387415	1999835.811225	1999835.811225	0.0162625	7.6875E-4	0.14	0.13	0.4950000000000001	0.08	1.0	0.1	0.05	0.15	0.125	0.90375	1.06	2.0	30.25	1.0	0.8	1.0	1.19490152E8	5.118955	0.358125	0.25	2666.4477483	0.002304	7.95E-4	1.05E-4	4.2625	1.2E-5	0.2	0.2	0.5	40.0	0.5	5.0	0.1	1.5	0.2802	-505.3	0.1324	-11.14	0.004	1050.0	1.5	300.0	0.25	0.6	0.55	0.54	0.036	0.0031	4850.0	1.8751539396141E-7	4.0503325095665E-8	2.1441532959301E7	Function evaluation successful.
31	31	1	0.2745028466223061	0.25	1.7	70.0	35.0	1.0	3.0	7.400000000000001E-5	133322.387415	1999835.811225	1999835.811225	0.0162625	7.6875E-4	0.14	0.13	0.45	0.07200000000000001	1.0	0.1	0.05	0.15	0.125	0.90375	1.06	2.0	30.25	1.0	0.8	1.0	1.19490152E8	5.118955	0.358125	0.25	2666.4477483	0.002304	7.95E-4	1.05E-4	4.2625	1.2E-5	0.2	0.2	0.5	40.0	0.5	5.0	0.1	1.5	0.2802	-505.3	0.1324	-11.14	0.004	1050.0	1.5	300.0	0.25	0.6	0.55	0.54	0.036	0.0031	4850.0	1.8751539396141E-7	4.0503325095665E-8	2.1441532959301E7	Function evaluation successful.
32	32	1	0.27450046817250007	0.25	1.7	70.0	35.0	1.0	3.0	7.400000000000001E-5	133322.387415	1999835.811225	1999835.811225	0.0162625	7.6875E-4	0.14	0.13	0.45	0.08800000000000001	1.0	0.1	0.05	0.15	0.125	0.90375	1.06	2.0	30.25	1.0	0.8	1.0	1.19490152E8	5.118955	0.358125	0.25	2666.4477483	0.002304	7.95E-4	1.05E-4	4.2625	1.2E-5	0.2	0.2	0.5	40.0	0.5	5.0	0.1	1.5	0.2802	-505.3	0.1324	-11.14	0.004	1050.0	1.5	300.0	0.25	0.6	0.55	0.54	0.036	0.0031	4850.0	1.8751539396141E-7	4.0503325095665E-8	2.1441532959301E7	Function evaluation successful.
33	33	1	0.26186021778004626	0.25	1.7	70.0	35.0	1.0	3.0	7.400000000000001E-5	133322.387415	1999835.811225	1999835.811225	0.0162625	7.6875E-4	0.14	0.13	0.45	0.08	0.9	0.1	0.05	0.15	0.125	0.90375	1.06	2.0	30.25	1.0	0.8	1.0	1.19490152E8	5.118955	0.358125	0.25	2666.4477483	0.002304	7.95E-4	1.05E-4	4.2625	1.2E-5	0.2	0.2	0.5	40.0	0.5	5.0	0.1	1.5	0.2802	-505.3	0.1324	-11.14	0.004	1050.0	1.5	300.0	0.25	0.6	0.55	0.54	0.036	0.0031	4850.0	1.8751539396141E-7	4.0503325095665E-8	2.1441532959301E7	Function evaluation successful.
34	34	1	0.38083735034455307	0.25	1.7	70.0	35.0	1.0	3.0	7.400000000000001E-5	133322.387415	1999835.811225	1999835.811225	0.0162625	7.6875E-4	0.14	0.13	0.45	0.08	1.1	0.1	0.05	0.15	0.125	0.90375	1.06	2.0	30.25	1.0	0.8	1.0	1.19490152E8	5.118955	0.358125	0.25	2666.4477483	0.002304	7.95E-4	1.05E-4	4.2625	1.2E-5	0.2	0.2	0.5	40.0	0.5	5.0	0.1	1.5	0.2802	-505.3	0.1324	-11.14	0.004	1050.0	1.5	300.0	0.25	0.6	0.55	0.54	0.036	0.0031	4850.0	1.8751539396141E-7	4.0503325095665E-8	2.1441532959301E7	Function evaluation successful.
35	35	1	0.27450347030700684	0.25	1.7	70.0	35.0	1.0	3.0	7.400000000000001E-5	133322.387415	1999835.811225	1999835.811225	0.0162625	7.6875E-4	0.14	0.13	0.45	0.08	1.0	0.09000000000000001	0.05	0.15	0.125	0.90375	1.06	2.0	30.25	1.0	0.8	1.0	1.19490152E8	5.118955	0.358125	0.25	2666.4477483	0.002304	7.95E-4	1.05E-4	4.2625	1.2E-5	0.2	0.2	0.5	40.0	0.5	5.0	0.1	1.5	0.2802	-505.3	0.1324	-11.14	0.004	1050.0	1.5	300.0	0.25	0.6	0.55	0.54	0.036	0.0031	4850.0	1.8751539396141E-7	4.0503325095665E-8	2.1441532959301E7	Function evaluation successful.
36	36	1	0.2745015448091932	0.25	1.7	70.0	35.0	1.0	3.0	7.400000000000001E-5	133322.387415	1999835.811225	1999835.811225	0.0162625	7.6875E-4	0.14	0.13	0.45	0.08	1.0	0.11	0.05	0.15	0.125	0.90375	1.06	2.0	30.25	1.0	0.8	1.0	1.19490152E8	5.118955	0.358125	0.25	2666.4477483	0.002304	7.95E-4	1.05E-4	4.2625	1.2E-5	0.2	0.2	0.5	40.0	0.5	5.0	0.1	1.5	0.2802	-505.3	0.1324	-11.14	0.004	1050.0	1.5	300.0	0.25	0.6	0.55	0.54	0.036	0.0031	4850.0	1.8751539396141E-7	4.0503325095665E-8	2.1441532959301E7	Function evaluation successful.
37	37	1	0.2745042596200623	0.25	1.7	70.0	35.0	1.0	3.0	7.400000000000001E-5	133322.387415	1999835.811225	1999835.811225	0.0162625	7.6875E-4	0.14	0.13	0.45	0.08	1.0	0.1	0.045000000000000005	0.15	0.125	0.90375	1.06	2.0	30.25	1.0	0.8	1.0	1.19490152E8	5.118955	0.358125	0.25	2666.4477483	0.002304	7.95E-4	1.05E-4	4.2625	1.2E-5	0.2	0.2	0.5	40.0	0.5	5.0	0.1	1.5	0.2802	-505.3	0.1324	-11.14	0.004	1050.0	1.5	300.0	0.25	0.6	0.55	0.54	0.036	0.0031	4850.0	1.8751539396141E-7	4.0503325095665E-8	2.1441532959301E7	Function evaluation successful.
38	38	1	0.274503090579252	0.25	1.7	70.0	35.0	1.0	3.0	7.400000000000001E-5	133322.387415	1999835.811225	1999835.811225	0.0162625	7.6875E-4	0.14	0.13	0.45	0.08	1.0	0.1	0.05500000000000001	0.15	0.125	0.90375	1.06	2.0	30.25	1.0	0.8	1.0	1.19490152E8	5.118955	0.358125	0.25	2666.4477483	0.002304	7.95E-4	1.05E-4	4.2625	1.2E-5	0.2	0.2	0.5	40.0	0.5	5.0	0.1	1.5	0.2802	-505.3	0.1324	-11.14	0.004	1050.0	1.5	300.0	0.25	0.6	0.55	0.54	0.036	0.0031	4850.0	1.8751539396141E-7	4.0503325095665E-8	2.1441532959301E7	Function evaluation successful.
39	39	1	0.2745045443537627	0.25	1.7	70.0	35.0	1.0	3.0	7.400000000000001E-5	133322.387415	1999835.811225	1999835.811225	0.0162625	7.6875E-4	0.14	0.13	0.45	0.08	1.0	0.1	0.05	0.135	0.125	0.90375	1.06	2.0	30.25	1.0	0.8	1.0	1.19490152E8	5.118955	0.358125	0.25	2666.4477483	0.002304	7.95E-4	1.05E-4	4.2625	1.2E-5	0.2	0.2	0.5	40.0	0.5	5.0	0.1	1.5	0.2802	-505.3	0.1324	-11.14	0.004	1050.0	1.5	300.0	0.25	0.6	0.55	0.54	0.036	0.0031	4850.0	1.8751539396141E-7	4.0503325095665E-8	2.1441532959301E7	Function evaluation successful.
40	40	1	0.27450809973093304	0.25	1.7	70.0	35.0	1.0	3.0	7.400000000000001E-5	133322.387415	1999835.811225	1999835.811225	0.0162625	7.6875E-4	0.14	0.13	0.45	0.08	1.0	0.1	0.05	0.165	0.125	0.90375	1.06	2.0	30.25	1.0	0.8	1.0	1.19490152E8	5.118955	0.358125	0.25	2666.4477483	0.002304	7.95E-4	1.05E-4	4.2625	1.2E-5	0.2	0.2	0.5	40.0	0.5	5.0	0.1	1.5	0.2802	-505.3	0.1324	-11.14	0.004	1050.0	1.5	300.0	0.25	0.6	0.55	0.54	0.036	0.0031	4850.0	1.8751539396141E-7	4.0503325095665E-8	2.1441532959301E7	Function evaluation successful.
41	41	1	0.2745031439296672	0.25	1.7	70.0	35.0	1.0	3.0	7.400000000000001E-5	133322.387415	1999835.811225	1999835.811225	0.0162625	7.6875E-4	0.14	0.13	0.45	0.08	1.0	0.1	0.05	0.15	0.1125	0.90375	1.06	2.0	30.25	1.0	0.8	1.0	1.19490152E8	5.118955	0.358125	0.25	2666.4477483	0.002304	7.95E-4	1.05E-4	4.2625	1.2E-5	0.2	0.2	0.5	40.0	0.5	5.0	0.1	1.5	0.2802	-505.3	0.1324	-11.14	0.004	1050.0	1.5	300.0	0.25	0.6	0.55	0.54	0.036	0.0031	4850.0	1.8751539396141E-7	4.0503325095665E-8	2.1441532959301E7	Function evaluation successful.
42	42	1	0.2745030151828909	0.25	1.7	70.0	35.0	1.0	3.0	7.400000000000001E-5	133322.387415	1999835.811225	1999835.811225	0.0162625	7.6875E-4	0.14	0.13	0.45	0.08	1.0	0.1	0.05	0.15	0.1375	0.90375	1.06	2.0	30.25	1.0	0.8	1.0	1.19490152E8	5.118955	0.358125	0.25	2666.4477483	0.002304	7.95E-4	1.05E-4	4.2625	1.2E-5	0.2	0.2	0.5	40.0	0.5	5.0	0.1	1.5	0.2802	-505.3	0.1324	-11.14	0.004	1050.0	1.5	300.0	0.25	0.6	0.55	0.54	0.036	0.0031	4850.0	1.8751539396141E-7	4.0503325095665E-8	2.1441532959301E7	Function evaluation successful.
43	43	1	0.2754616456288908	0.25	1.7	70.0	35.0	1.0	3.0	7.400000000000001E-5	133322.387415	1999835.811225	1999835.811225	0.0162625	7.6875E-4	0.14	0.13	0.45	0.08	1.0	0.1	0.05	0.15	0.125	0.8133750000000001	1.06	2.0	30.25	1.0	0.8	1.0	1.19490152E8	5.118955	0.358125	0.25	2666.4477483	0.002304	7.95E-4	1.05E-4	4.2625	1.2E-5	0.2	0.2	0.5	40.0	0.5	5.0	0.1	1.5	0.2802	-505.3	0.1324	-11.14	0.004	1050.0	1.5	300.0	0.25	0.6	0.55	0.54	0.036	0.0031	4850.0	1.8751539396141E-7	4.0503325095665E-8	2.1441532959301E7	Function evaluation successful.
44	44	1	0.3529750919453327	0.25	1.7	70.0	35.0	1.0	3.0	7.400000000000001E-5	133322.387415	1999835.811225	1999835.811225	0.0162625	7.6875E-4	0.14	0.13	0.45	0.08	1.0	0.1	0.05	0.15	0.125	0.994125	1.06	2.0	30.25	1.0	0.8	1.0	1.19490152E8	5.118955	0.358125	0.25	2666.4477483	0.002304	7.95E-4	1.05E-4	4.2625	1.2E-5	0.2	0.2	0.5	40.0	0.5	5.0	0.1	1.5	0.2802	-505.3	0.1324	-11.14	0.004	1050.0	1.5	300.0	0.25	0.6	0.55	0.54	0.036	0.0031	4850.0	1.8751539396141E-7	4.0503325095665E-8	2.1441532959301E7	Function evaluation successful.
45	45	1	0.4076059519507388	0.25	1.7	70.0	35.0	1.0	3.0	7.400000000000001E-5	133322.387415	1999835.811225	1999835.811225	0.0162625	7.6875E-4	0.14	0.13	0.45	0.08	1.0	0.1	0.05	0.15	0.125	0.90375	0.954	2.0	30.25	1.0	0.8	1.0	1.19490152E8	5.118955	0.358125	0.25	2666.4477483	0.002304	7.95E-4	1.05E-4	4.2625	1.2E-5	0.2	0.2	0.5	40.0	0.5	5.0	0.1	1.5	0.2802	-505.3	0.1324	-11.14	0.004	1050.0	1.5	300.0	0.25	0.6	0.55	0.54	0.036	0.0031	4850.0	1.8751539396141E-7	4.0503325095665E-8	2.1441532959301E7	Function evaluation successful.
46	46	1	0.30075607362396295	0.25	1.7	70.0	35.0	1.0	3.0	7.400000000000001E-5	133322.387415	1999835.811225	1999835.811225	0.0162625	7.6875E-4	0.14	0.13	0.45	0.08	1.0	0.1	0.05	0.15	0.125	0.90375	1.166	2.0	30.25	1.0	0.8	1.0	1.19490152E8	5.118955	0.358125	0.25	2666.4477483	0.002304	7.95E-4	1.05E-4	4.2625	1.2E-5	0.2	0.2	0.5	40.0	0.5	5.0	0.1	1.5	0.2802	-505.3	0.1324	-11.14	0.004	1050.0	1.5	300.0	0.25	0.6	0.55	0.54	0.036	0.0031	4850.0	1.8751539396141E-7	4.0503325095665E-8	2.1441532959301E7	Function evaluation successful.
47	47	1	0.2726849551496523	0.25	1.7	70.0	35.0	1.0	3.0	7.400000000000001E-5	133322.387415	1999835.811225	1999835.811225	0.0162625	7.6875E-4	0.14	0.13	0.45	0.08	1.0	0.1	0.05	0.15	0.125	0.90375	1.06	1.8	30.25	1.0	0.8	1.0	1.19490152E8	5.118955	0.358125	0.25	2666.4477483	0.002304	7.95E-4	1.05E-4	4.2625	1.2E-5	0.2	0.2	0.5	40.0	0.5	5.0	0.1	1.5	0.2802	-505.3	0.1324	-11.14	0.004	1050.0	1.5	300.0	0.25	0.6	0.55	0.54	0.036	0.0031	4850.0	1.8751539396141E-7	4.0503325095665E-8	2.1441532959301E7	Function evaluation successful.
48	48	1	0.3260352384085461	0.25	1.7	70.0	35.0	1.0	3.0	7.400000000000001E-5	133322.387415	1999835.811225	1999835.811225	0.0162625	7.6875E-4	0.14	0.13	0.45	0.08	1.0	0.1	0.05	0.15	0.125	0.90375	1.06	2.2	30.25	1.0	0.8	1.0	1.19490152E8	5.118955	0.358125	0.25	2666.4477483	0.002304	7.95E-4	1.05E-4	4.2625	1.2E-5	0.2	0.2	0.5	40.0	0.5	5.0	0.1	1.5	0.2802	-505.3	0.1324	-11.14	0.004	1050.0	1.5	300.0	0.25	0.6	0.55	0.54	0.036	0.0031	4850.0	1.8751539396141E-7	4.0503325095665E-8	2.1441532959301E7	Function evaluation successful.
49	49	1	0.2730008274845982	0.25	1.7	70.0	35.0	1.0	3.0	7.400000000000001E-5	133322.387415	1999835.811225	1999835.811225	0.0162625	7.6875E-4	0.14	0.13	0.45	0.08	1.0	0.1	0.05	0.15	0.125	0.90375	1.06	2.0	27.225	1.0	0.8	1.0	1.19490152E8	5.118955	0.358125	0.25	2666.4477483	0.002304	7.95E-4	1.05E-4	4.2625	1.2E-5	0.2	0.2	0.5	40.0	0.5	5.0	0.1	1.5	0.2802	-505.3	0.1324	-11.14	0.004	1050.0	1.5	300.0	0.25	0.6	0.55	0.54	0.036	0.0031	4850.0	1.8751539396141E-7	4.0503325095665E-8	2.1441532959301E7	Function evaluation successful.
50	50	1	0.2995543541982806	0.25	1.7	70.0	35.0	1.0	3.0	7.400000000000001E-5	133322.387415	1999835.811225	1999835.811225	0.0162625	7.6875E-4	0.14	0.13	0.45	0.08	1.0	0.1	0.05	0.15	0.125	0.90375	1.06	2.0	33.275000000000006	1.0	0.8	1.0	1.19490152E8	5.118955	0.358125	0.25	2666.4477483	0.002304	7.95E-4	1.05E-4	4.2625	1.2E-5	0.2	0.2	0.5	40.0	0.5	5.0	0.1	1.5	0.2802	-505.3	0.1324	-11.14	0.004	1050.0	1.5	300.0	0.25	0.6	0.55	0.54	0.036	0.0031	4850.0	1.8751539396141E-7	4.0503325095665E-8	2.1441532959301E7	Function evaluation successful.
51	51	1	0.27450193822031643	0.25	1.7	70.0	35.0	1.0	3.0	7.400000000000001E-5	133322.387415	1999835.811225	1999835.811225	0.0162625	7.6875E-4	0.14	0.13	0.45	0.08	1.0	0.1	0.05	0.15	0.125	0.90375	1.06	2.0	30.25	0.9	0.8	1.0	1.19490152E8	5.118955	0.358125	0.25	2666.4477483	0.002304	7.95E-4	1.05E-4	4.2625	1.2E-5	0.2	0.2	0.5	40.0	0.5	5.0	0.1	1.5	0.2802	-505.3	0.1324	-11.14	0.004	1050.0	1.5	300.0	0.25	0.6	0.55	0.54	0.036	0.0031	4850.0	1.8751539396141E-7	4.0503325095665E-8	2.1441532959301E7	Function evaluation successful.
52	52	1	0.2745022632222247	0.25	1.7	70.0	35.0	1.0	3.0	7.400000000000001E-5	133322.387415	1999835.811225	1999835.811225	0.0162625	7.6875E-4	0.14	0.13	0.45	0.08	1.0	0.1	0.05	0.15	0.125	0.90375	1.06	2.0	30.25	1.1	0.8	1.0	1.19490152E8	5.118955	0.358125	0.25	2666.4477483	0.002304	7.95E-4	1.05E-4	4.2625	1.2E-5	0.2	0.2	0.5	40.0	0.5	5.0	0.1	1.5	0.2802	-505.3	0.1324	-11.14	0.004	1050.0	1.5	300.0	0.25	0.6	0.55	0.54	0.036	0.0031	4850.0	1.8751539396141E-7	4.0503325095665E-8	2.1441532959301E7	Function evaluation successful.
53	53	1	0.3118950919848712	0.25	1.7	70.0	35.0	1.0	3.0	7.400000000000001E-5	133322.387415	1999835.811225	1999835.811225	0.0162625	7.6875E-4	0.14	0.13	0.45	0.08	1.0	0.1	0.05	0.15	0.125	0.90375	1.06	2.0	30.25	1.0	0.7200000000000001	1.0	1.19490152E8	5.118955	0.358125	0.25	2666.4477483	0.002304	7.95E-4	1.05E-4	4.2625	1.2E-5	0.2	0.2	0.5	40.0	0.5	5.0	0.1	1.5	0.2802	-505.3	0.1324	-11.14	0.004	1050.0	1.5	300.0	0.25	0.6	0.55	0.54	0.036	0.0031	4850.0	1.8751539396141E-7	4.0503325095665E-8	2.1441532959301E7	Function evaluation successful.
54	54	1	0.27474677970547584	0.25	1.7	70.0	35.0	1.0	3.0	7.400000000000001E-5	133322.387415	1999835.811225	1999835.811225	0.0162625	7.6875E-4	0.14	0.13	0.45	0.08	1.0	0.1	0.05	0.15	0.125	0.90375	1.06	2.0	30.25	1.0	0.8800000000000001	1.0	1.19490152E8	5.118955	0.358125	0.25	2666.4477483	0.002304	7.95E-4	1.05E-4	4.2625	1.2E-5	0.2	0.2	0.5	40.0	0.5	5.0	0.1	1.5	0.2802	-505.3	0.1324	-11.14	0.004	1050.0	1.5	300.0	0.25	0.6	0.55	0.54	0.036	0.0031	4850.0	1.8751539396141E-7	4.0503325095665E-8	2.1441532959301E7	Function evaluation successful.
55	55	1	0.27657650117008026	0.25	1.7	70.0	35.0	1.0	3.0	7.400000000000001E-5	133322.387415	1999835.811225	1999835.811225	0.0162625	7.6875E-4	0.14	0.13	0.45	0.08	1.0	0.1	0.05	0.15	0.125	0.90375	1.06	2.0	30.25	1.0	0.8	0.9	1.19490152E8	5.118955	0.358125	0.25	2666.4477483	0.002304	7.95E-4	1.05E-4	4.2625	1.2E-5	0.2	0.2	0.5	40.0	0.5	5.0	0.1	1.5	0.2802	-505.3	0.1324	-11.14	0.004	1050.0	1.5	300.0	0.25	0.6	0.55	0.54	0.036	0.0031	4850.0	1.8751539396141E-7	4.0503325095665E-8	2.1441532959301E7	Function evaluation successful.
56	56	1	0.27221992043846477	0.25	1.7	70.0	35.0	1.0	3.0	7.400000000000001E-5	133322.387415	1999835.811225	1999835.811225	0.0162625	7.6875E-4	0.14	0.13	0.45	0.08	1.0	0.1	0.05	0.15	0.125	0.90375	1.06	2.0	30.25	1.0	0.8	1.1	1.19490152E8	5.118955	0.358125	0.25	2666.4477483	0.002304	7.95E-4	1.05E-4	4.2625	1.2E-5	0.2	0.2	0.5	40.0	0.5	5.0	0.1	1.5	0.2802	-505.3	0.1324	-11.14	0.004	1050.0	1.5	300.0	0.25	0.6	0.55	0.54	0.036	0.0031	4850.0	1.8751539396141E-7	4.0503325095665E-8	2.1441532959301E7	Function evaluation successful.
57	57	1	0.31365236791511125	0.25	1.7	70.0	35.0	1.0	3.0	7.400000000000001E-5	133322.387415	1999835.811225	1999835.811225	0.0162625	7.6875E-4	0.14	0.13	0.45	0.08	1.0	0.1	0.05	0.15	0.125	0.90375	1.06	2.0	30.25	1.0	0.8	1.0	1.075411368E8	5.118955	0.358125	0.25	2666.4477483	0.002304	7.95E-4	1.05E-4	4.2625	1.2E-5	0.2	0.2	0.5	40.0	0.5	5.0	0.1	1.5	0.2802	-505.3	0.1324	-11.14	0.004	1050.0	1.5	300.0	0.25	0.6	0.55	0.54	0.036	0.0031	4850.0	1.8751539396141E-7	4.0503325095665E-8	2.1441532959301E7	Function evaluation successful.
58	58	1	0.29874669214448607	0.25	1.7	70.0	35.0	1.0	3.0	7.400000000000001E-5	133322.387415	1999835.811225	1999835.811225	0.0162625	7.6875E-4	0.14	0.13	0.45	0.08	1.0	0.1	0.05	0.15	0.125	0.90375	1.06	2.0	30.25	1.0	0.8	1.0	1.3143916720000002E8	5.118955	0.358125	0.25	2666.4477483	0.002304	7.95E-4	1.05E-4	4.2625	1.2E-5	0.2	0.2	0.5	40.0	0.5	5.0	0.1	1.5	0.2802	-505.3	0.1324	-11.14	0.004	1050.0	1.5	300.0	0.25	0.6	0.55	0.54	0.036	0.0031	4850.0	1.8751539396141E-7	4.0503325095665E-8	2.1441532959301E7	Function evaluation successful.
59	59	1	0.4097750521776028	0.25	1.7	70.0	35.0	1.0	3.0	7.400000000000001E-5	133322.387415	1999835.811225	1999835.811225	0.0162625	7.6875E-4	0.14	0.13	0.45	0.08	1.0	0.1	0.05	0.15	0.125	0.90375	1.06	2.0	30.25	1.0	0.8	1.0	1.19490152E8	4.6070595	0.358125	0.25	2666.4477483	0.002304	7.95E-4	1.05E-4	4.2625	1.2E-5	0.2	0.2	0.5	40.0	0.5	5.0	0.1	1.5	0.2802	-505.3	0.1324	-11.14	0.004	1050.0	1.5	300.0	0.25	0.6	0.55	0.54	0.036	0.0031	4850.0	1.8751539396141E-7	4.0503325095665E-8	2.1441532959301E7	Function evaluation successful.
60	60	1	0.29422283131632637	0.25	1.7	70.0	35.0	1.0	3.0	7.400000000000001E-5	133322.387415	1999835.811225	1999835.811225	0.0162625	7.6875E-4	0.14	0.13	0.45	0.08	1.0	0.1	0.05	0.15	0.125	0.90375	1.06	2.0	30.25	1.0	0.8	1.0	1.19490152E8	5.6308505	0.358125	0.25	2666.4477483	0.002304	7.95E-4	1.05E-4	4.2625	1.2E-5	0.2	0.2	0.5	40.0	0.5	5.0	0.1	1.5	0.2802	-505.3	0.1324	-11.14	0.004	1050.0	1.5	300.0	0.25	0.6	0.55	0.54	0.036	0.0031	4850.0	1.8751539396141E-7	4.0503325095665E-8	2.1441532959301E7	Function evaluation successful.
61	61	1	0.2333033942070064	0.25	1.7	70.0	35.0	1.0	3.0	7.400000000000001E-5	133322.387415	1999835.811225	1999835.811225	0.0162625	7.6875E-4	0.14	0.13	0.45	0.08	1.0	0.1	0.05	0.15	0.125	0.90375	1.06	2.0	30.25	1.0	0.8	1.0	1.19490152E8	5.118955	0.32231250000000006	0.25	2666.4477483	0.002304	7.95E-4	1.05E-4	4.2625	1.2E-5	0.2	0.2	0.5	40.0	0.5	5.0	0.1	1.5	0.2802	-505.3	0.1324	-11.14	0.004	1050.0	1.5	300.0	0.25	0.6	0.55	0.54	0.036	0.0031	4850.0	1.8751539396141E-7	4.0503325095665E-8	2.1441532959301E7	Function evaluation successful.
62	62	1	0.36514159021907133	0.25	1.7	70.0	35.0	1.0	3.0	7.400000000000001E-5	133322.387415	1999835.811225	1999835.811225	0.0162625	7.6875E-4	0.14	0.13	0.45	0.08	1.0	0.1	0.05	0.15	0.125	0.90375	1.06	2.0	30.25	1.0	0.8	1.0	1.19490152E8	5.118955	0.3939375000000001	0.25	2666.4477483	0.002304	7.95E-4	1.05E-4	4.2625	1.2E-5	0.2	0.2	0.5	40.0	0.5	5.0	0.1	1.5	0.2802	-505.3	0.1324	-11.14	0.004	1050.0	1.5	300.0	0.25	0.6	0.55	0.54	0.036	0.0031	4850.0	1.8751539396141E-7	4.0503325095665E-8	2.1441532959301E7	Function evaluation successful.
63	63	1	0.25814717036299806	0.25	1.7	70.0	35.0	1.0	3.0	7.400000000000001E-5	133322.387415	1999835.811225	1999835.811225	0.0162625	7.6875E-4	0.14	0.13	0.45	0.08	1.0	0.1	0.05	0.15	0.125	0.90375	1.06	2.0	30.25	1.0	0.8	1.0	1.19490152E8	5.118955	0.358125	0.225	2666.4477483	0.002304	7.95E-4	1.05E-4	4.2625	1.2E-5	0.2	0.2	0.5	40.0	0.5	5.0	0.1	1.5	0.2802	-505.3	0.1324	-11.14	0.004	1050.0	1.5	300.0	0.25	0.6	0.55	0.54	0.036	0.0031	4850.0	1.8751539396141E-7	4.0503325095665E-8	2.1441532959301E7	Function evaluation successful.
64	64	1	0.3016719615720084	0.25	1.7	70.0	35.0	1.0	3.0	7.400000000000001E-5	133322.387415	1999835.811225	1999835.811225	0.0162625	7.6875E-4	0.14	0.13	0.45	0.08	1.0	0.1	0.05	0.15	0.125	0.90375	1.06	2.0	30.25	1.0	0.8	1.0	1.19490152E8	5.118955	0.358125	0.275	2666.4477483	0.002304	7.95E-4	1.05E-4	4.2625	1.2E-5	0.2	0.2	0.5	40.0	0.5	5.0	0.1	1.5	0.2802	-505.3	0.1324	-11.14	0.004	1050.0	1.5	300.0	0.25	0.6	0.55	0.54	0.036	0.0031	4850.0	1.8751539396141E-7	4.0503325095665E-8	2.1441532959301E7	Function evaluation successful.
65	65	1	0.39567114354816585	0.25	1.7	70.0	35.0	1.0	3.0	7.400000000000001E-5	133322.387415	1999835.811225	1999835.811225	0.0162625	7.6875E-4	0.14	0.13	0.45	0.08	1.0	0.1	0.05	0.15	0.125	0.90375	1.06	2.0	30.25	1.0	0.8	1.0	1.19490152E8	5.118955	0.358125	0.25	2399.8029734700003	0.002304	7.95E-4	1.05E-4	4.2625	1.2E-5	0.2	0.2	0.5	40.0	0.5	5.0	0.1	1.5	0.2802	-505.3	0.1324	-11.14	0.004	1050.0	1.5	300.0	0.25	0.6	0.55	0.54	0.036	0.0031	4850.0	1.8751539396141E-7	4.0503325095665E-8	2.1441532959301E7	Function evaluation successful.
66	66	1	0.2603215564621526	0.25	1.7	70.0	35.0	1.0	3.0	7.400000000000001E-5	133322.387415	1999835.811225	1999835.811225	0.0162625	7.6875E-4	0.14	0.13	0.45	0.08	1.0	0.1	0.05	0.15	0.125	0.90375	1.06	2.0	30.25	1.0	0.8	1.0	1.19490152E8	5.118955	0.358125	0.25	2933.09252313	0.002304	7.95E-4	1.05E-4	4.2625	1.2E-5	0.2	0.2	0.5	40.0	0.5	5.0	0.1	1.5	0.2802	-505.3	0.1324	-11.14	0.004	1050.0	1.5	300.0	0.25	0.6	0.55	0.54	0.036	0.0031	4850.0	1.8751539396141E-7	4.0503325095665E-8	2.1441532959301E7	Function evaluation successful.
67	67	1	0.15954394823265114	0.25	1.7	70.0	35.0	1.0	3.0	7.400000000000001E-5	133322.387415	1999835.811225	1999835.811225	0.0162625	7.6875E-4	0.14	0.13	0.45	0.08	1.0	0.1	0.05	0.15	0.125	0.90375	1.06	2.0	30.25	1.0	0.8	1.0	1.19490152E8	5.118955	0.358125	0.25	2666.4477483	0.0020736	7.95E-4	1.05E-4	4.2625	1.2E-5	0.2	0.2	0.5	40.0	0.5	5.0	0.1	1.5	0.2802	-505.3	0.1324	-11.14	0.004	1050.0	1.5	300.0	0.25	0.6	0.55	0.54	0.036	0.0031	4850.0	1.8751539396141E-7	4.0503325095665E-8	2.1441532959301E7	Function evaluation successful.
68	68	1	0.9405246552631296	0.25	1.7	70.0	35.0	1.0	3.0	7.400000000000001E-5	133322.387415	1999835.811225	1999835.811225	0.0162625	7.6875E-4	0.14	0.13	0.45	0.08	1.0	0.1	0.05	0.15	0.125	0.90375	1.06	2.0	30.25	1.0	0.8	1.0	1.19490152E8	5.118955	0.358125	0.25	2666.4477483	0.0025344000000000005	7.95E-4	1.05E-4	4.2625	1.2E-5	0.2	0.2	0.5	40.0	0.5	5.0	0.1	1.5	0.2802	-505.3	0.1324	-11.14	0.004	1050.0	1.5	300.0	0.25	0.6	0.55	0.54	0.036	0.0031	4850.0	1.8751539396141E-7	4.0503325095665E-8	2.1441532959301E7	Function evaluation successful.
69	69	1	0.2172905851703366	0.25	1.7	70.0	35.0	1.0	3.0	7.400000000000001E-5	133322.387415	1999835.811225	1999835.811225	0.0162625	7.6875E-4	0.14	0.13	0.45	0.08	1.0	0.1	0.05	0.15	0.125	0.90375	1.06	2.0	30.25	1.0	0.8	1.0	1.19490152E8	5.118955	0.358125	0.25	2666.4477483	0.002304	7.155E-4	1.05E-4	4.2625	1.2E-5	0.2	0.2	0.5	40.0	0.5	5.0	0.1	1.5	0.2802	-505.3	0.1324	-11.14	0.004	1050.0	1.5	300.0	0.25	0.6	0.55	0.54	0.036	0.0031	4850.0	1.8751539396141E-7	4.0503325095665E-8	2.1441532959301E7	Function evaluation successful.
70	70	1	0.4648918273058058	0.25	1.7	70.0	35.0	1.0	3.0	7.400000000000001E-5	133322.387415	1999835.811225	1999835.811225	0.0162625	7.6875E-4	0.14	0.13	0.45	0.08	1.0	0.1	0.05	0.15	0.125	0.90375	1.06	2.0	30.25	1.0	0.8	1.0	1.19490152E8	5.118955	0.358125	0.25	2666.4477483	0.002304	8.745000000000001E-4	1.05E-4	4.2625	1.2E-5	0.2	0.2	0.5	40.0	0.5	5.0	0.1	1.5	0.2802	-505.3	0.1324	-11.14	0.004	1050.0	1.5	300.0	0.25	0.6	0.55	0.54	0.036	0.0031	4850.0	1.8751539396141E-7	4.0503325095665E-8	2.1441532959301E7	Function evaluation successful.
71	71	1	0.27450373582010923	0.25	1.7	70.0	35.0	1.0	3.0	7.400000000000001E-5	133322.387415	1999835.811225	1999835.811225	0.0162625	7.6875E-4	0.14	0.13	0.45	0.08	1.0	0.1	0.05	0.15	0.125	0.90375	1.06	2.0	30.25	1.0	0.8	1.0	1.19490152E8	5.118955	0.358125	0.25	2666.4477483	0.002304	7.95E-4	9.45E-5	4.2625	1.2E-5	0.2	0.2	0.5	40.0	0.5	5.0	0.1	1.5	0.2802	-505.3	0.1324	-11.14	0.004	1050.0	1.5	300.0	0.25	0.6	0.55	0.54	0.036	0.0031	4850.0	1.8751539396141E-7	4.0503325095665E-8	2.1441532959301E7	Function evaluation successful.
72	72	1	0.2745030403179277	0.25	1.7	70.0	35.0	1.0	3.0	7.400000000000001E-5	133322.387415	1999835.811225	1999835.811225	0.0162625	7.6875E-4	0.14	0.13	0.45	0.08	1.0	0.1	0.05	0.15	0.125	0.90375	1.06	2.0	30.25	1.0	0.8	1.0	1.19490152E8	5.118955	0.358125	0.25	2666.4477483	0.002304	7.95E-4	1.1550000000000002E-4	4.2625	1.2E-5	0.2	0.2	0.5	40.0	0.5	5.0	0.1	1.5	0.2802	-505.3	0.1324	-11.14	0.004	1050.0	1.5	300.0	0.25	0.6	0.55	0.54	0.036	0.0031	4850.0	1.8751539396141E-7	4.0503325095665E-8	2.1441532959301E7	Function evaluation successful.
73	73	1	0.2718035496131438	0.25	1.7	70.0	35.0	1.0	3.0	7.400000000000001E-5	133322.387415	1999835.811225	1999835.811225	0.0162625	7.6875E-4	0.14	0.13	0.45	0.08	1.0	0.1	0.05	0.15	0.125	0.90375	1.06	2.0	30.25	1.0	0.8	1.0	1.19490152E8	5.118955	0.358125	0.25	2666.4477483	0.002304	7.95E-4	1.05E-4	3.83625	1.2E-5	0.2	0.2	0.5	40.0	0.5	5.0	0.1	1.5	0.2802	-505.3	0.1324	-11.14	0.004	1050.0	1.5	300.0	0.25	0.6	0.55	0.54	0.036	0.0031	4850.0	1.8751539396141E-7	4.0503325095665E-8	2.1441532959301E7	Function evaluation successful.
74	74	1	0.27258632127415156	0.25	1.7	70.0	35.0	1.0	3.0	7.400000000000001E-5	133322.387415	1999835.811225	1999835.811225	0.0162625	7.6875E-4	0.14	0.13	0.45	0.08	1.0	0.1	0.05	0.15	0.125	0.90375	1.06	2.0	30.25	1.0	0.8	1.0	1.19490152E8	5.118955	0.358125	0.25	2666.4477483	0.002304	7.95E-4	1.05E-4	4.688750000000001	1.2E-5	0.2	0.2	0.5	40.0	0.5	5.0	0.1	1.5	0.2802	-505.3	0.1324	-11.14	0.004	1050.0	1.5	300.0	0.25	0.6	0.55	0.54	0.036	0.0031	4850.0	1.8751539396141E-7	4.0503325095665E-8	2.1441532959301E7	Function evaluation successful.
75	75	1	0.2745008889841291	0.25	1.7	70.0	35.0	1.0	3.0	7.400000000000001E-5	133322.387415	1999835.811225	1999835.811225	0.0162625	7.6875E-4	0.14	0.13	0.45	0.08	1.0	0.1	0.05	0.15	0.125	0.90375	1.06	2.0	30.25	1.0	0.8	1.0	1.19490152E8	5.118955	0.358125	0.25	2666.4477483	0.002304	7.95E-4	1.05E-4	4.2625	1.0800000000000002E-5	0.2	0.2	0.5	40.0	0.5	5.0	0.1	1.5	0.2802	-505.3	0.1324	-11.14	0.004	1050.0	1.5	300.0	0.25	0.6	0.55	0.54	0.036	0.0031	4850.0	1.8751539396141E-7	4.0503325095665E-8	2.1441532959301E7	Function evaluation successful.
76	76	1	0.27450460613117666	0.25	1.7	70.0	35.0	1.0	3.0	7.400000000000001E-5	133322.387415	1999835.811225	1999835.811225	0.0162625	7.6875E-4	0.14	0.13	0.45	0.08	1.0	0.1	0.05	0.15	0.125	0.90375	1.06	2.0	30.25	1.0	0.8	1.0	1.19490152E8	5.118955	0.358125	0.25	2666.4477483	0.002304	7.95E-4	1.05E-4	4.2625	1.3200000000000002E-5	0.2	0.2	0.5	40.0	0.5	5.0	0.1	1.5	0.2802	-505.3	0.1324	-11.14	0.004	1050.0	1.5	300.0	0.25	0.6	0.55	0.54	0.036	0.0031	4850.0	1.8751539396141E-7	4.0503325095665E-8	2.1441532959301E7	Function evaluation successful.
77	77	1	0.2909288176548522	0.25	1.7	70.0	35.0	1.0	3.0	7.400000000000001E-5	133322.387415	1999835.811225	1999835.811225	0.0162625	7.6875E-4	0.14	0.13	0.45	0.08	1.0	0.1	0.05	0.15	0.125	0.90375	1.06	2.0	30.25	1.0	0.8	1.0	1.19490152E8	5.118955	0.358125	0.25	2666.4477483	0.002304	7.95E-4	1.05E-4	4.2625	1.2E-5	0.18000000000000002	0.2	0.5	40.0	0.5	5.0	0.1	1.5	0.2802	-505.3	0.1324	-11.14	0.004	1050.0	1.5	300.0	0.25	0.6	0.55	0.54	0.036	0.0031	4850.0	1.8751539396141E-7	4.0503325095665E-8	2.1441532959301E7	Function evaluation successful.
78	78	1	0.2630512863552962	0.25	1.7	70.0	35.0	1.0	3.0	7.400000000000001E-5	133322.387415	1999835.811225	1999835.811225	0.0162625	7.6875E-4	0.14	0.13	0.45	0.08	1.0	0.1	0.05	0.15	0.125	0.90375	1.06	2.0	30.25	1.0	0.8	1.0	1.19490152E8	5.118955	0.358125	0.25	2666.4477483	0.002304	7.95E-4	1.05E-4	4.2625	1.2E-5	0.22000000000000003	0.2	0.5	40.0	0.5	5.0	0.1	1.5	0.2802	-505.3	0.1324	-11.14	0.004	1050.0	1.5	300.0	0.25	0.6	0.55	0.54	0.036	0.0031	4850.0	1.8751539396141E-7	4.0503325095665E-8	2.1441532959301E7	Function evaluation successful.
79	79	1	0.2752098396455348	0.25	1.7	70.0	35.0	1.0	3.0	7.400000000000001E-5	133322.387415	1999835.811225	1999835.811225	0.0162625	7.6875E-4	0.14	0.13	0.45	0.08	1.0	0.1	0.05	0.15	0.125	0.90375	1.06	2.0	30.25	1.0	0.8	1.0	1.19490152E8	5.118955	0.358125	0.25	2666.4477483	0.002304	7.95E-4	1.05E-4	4.2625	1.2E-5	0.2	0.18000000000000002	0.5	40.0	0.5	5.0	0.1	1.5	0.2802	-505.3	0.1324	-11.14	0.004	1050.0	1.5	300.0	0.25	0.6	0.55	0.54	0.036	0.0031	4850.0	1.8751539396141E-7	4.0503325095665E-8	2.1441532959301E7	Function evaluation successful.
80	80	1	0.27394668566980684	0.25	1.7	70.0	35.0	1.0	3.0	7.400000000000001E-5	133322.387415	1999835.811225	1999835.811225	0.0162625	7.6875E-4	0.14	0.13	0.45	0.08	1.0	0.1	0.05	0.15	0.125	0.90375	1.06	2.0	30.25	1.0	0.8	1.0	1.19490152E8	5.118955	0.358125	0.25	2666.4477483	0.002304	7.95E-4	1.05E-4	4.2625	1.2E-5	0.2	0.22000000000000003	0.5	40.0	0.5	5.0	0.1	1.5	0.2802	-505.3	0.1324	-11.14	0.004	1050.0	1.5	300.0	0.25	0.6	0.55	0.54	0.036	0.0031	4850.0	1.8751539396141E-7	4.0503325095665E-8	2.1441532959301E7	Function evaluation successful.
81	81	1	0.2347284155136618	0.25	1.7	70.0	35.0	1.0	3.0	7.400000000000001E-5	133322.387415	1999835.811225	1999835.811225	0.0162625	7.6875E-4	0.14	0.13	0.45	0.08	1.0	0.1	0.05	0.15	0.125	0.90375	1.06	2.0	30.25	1.0	0.8	1.0	1.19490152E8	5.118955	0.358125	0.25	2666.4477483	0.002304	7.95E-4	1.05E-4	4.2625	1.2E-5	0.2	0.2	0.45	40.0	0.5	5.0	0.1	1.5	0.2802	-505.3	0.1324	-11.14	0.004	1050.0	1.5	300.0	0.25	0.6	0.55	0.54	0.036	0.0031	4850.0	1.8751539396141E-7	4.0503325095665E-8	2.1441532959301E7	Function evaluation successful.
82	82	1	0.3057132612474084	0.25	1.7	70.0	35.0	1.0	3.0	7.400000000000001E-5	133322.387415	1999835.811225	1999835.811225	0.0162625	7.6875E-4	0.14	0.13	0.45	0.08	1.0	0.1	0.05	0.15	0.125	0.90375	1.06	2.0	30.25	1.0	0.8	1.0	1.19490152E8	5.118955	0.358125	0.25	2666.4477483	0.002304	7.95E-4	1.05E-4	4.2625	1.2E-5	0.2	0.2	0.55	40.0	0.5	5.0	0.1	1.5	0.2802	-505.3	0.1324	-11.14	0.004	1050.0	1.5	300.0	0.25	0.6	0.55	0.54	0.036	0.0031	4850.0	1.8751539396141E-7	4.0503325095665E-8	2.1441532959301E7	Function evaluation successful.
83	83	1	0.2755260430313503	0.25	1.7	70.0	35.0	1.0	3.0	7.400000000000001E-5	133322.387415	1999835.811225	1999835.811225	0.0162625	7.6875E-4	0.14	0.13	0.45	0.08	1.0	0.1	0.05	0.15	0.125	0.90375	1.06	2.0	30.25	1.0	0.8	1.0	1.19490152E8	5.118955	0.358125	0.25	2666.4477483	0.002304	7.95E-4	1.05E-4	4.2625	1.2E-5	0.2	0.2	0.5	36.0	0.5	5.0	0.1	1.5	0.2802	-505.3	0.1324	-11.14	0.004	1050.0	1.5	300.0	0.25	0.6	0.55	0.54	0.036	0.0031	4850.0	1.8751539396141E-7	4.0503325095665E-8	2.1441532959301E7	Function evaluation successful.
84	84	1	0.2744422717298922	0.25	1.7	70.0	35.0	1.0	3.0	7.400000000000001E-5	133322.387415	1999835.811225	1999835.811225	0.0162625	7.6875E-4	0.14	0.13	0.45	0.08	1.0	0.1	0.05	0.15	0.125	0.90375	1.06	2.0	30.25	1.0	0.8	1.0	1.19490152E8	5.118955	0.358125	0.25	2666.4477483	0.002304	7.95E-4	1.05E-4	4.2625	1.2E-5	0.2	0.2	0.5	44.0	0.5	5.0	0.1	1.5	0.2802	-505.3	0.1324	-11.14	0.004	1050.0	1.5	300.0	0.25	0.6	0.55	0.54	0.036	0.0031	4850.0	1.8751539396141E-7	4.0503325095665E-8	2.1441532959301E7	Function evaluation successful.
85	85	1	0.29698152155390395	0.25	1.7	70.0	35.0	1.0	3.0	7.400000000000001E-5	133322.387415	1999835.811225	1999835.811225	0.0162625	7.6875E-4	0.14	0.13	0.45	0.08	1.0	0.1	0.05	0.15	0.125	0.90375	1.06	2.0	30.25	1.0	0.8	1.0	1.19490152E8	5.118955	0.358125	0.25	2666.4477483	0.002304	7.95E-4	1.05E-4	4.2625	1.2E-5	0.2	0.2	0.5	40.0	0.45	5.0	0.1	1.5	0.2802	-505.3	0.1324	-11.14	0.004	1050.0	1.5	300.0	0.25	0.6	0.55	0.54	0.036	0.0031	4850.0	1.8751539396141E-7	4.0503325095665E-8	2.1441532959301E7	Function evaluation successful.
86	86	1	0.388475006534607	0.25	1.7	70.0	35.0	1.0	3.0	7.400000000000001E-5	133322.387415	1999835.811225	1999835.811225	0.0162625	7.6875E-4	0.14	0.13	0.45	0.08	1.0	0.1	0.05	0.15	0.125	0.90375	1.06	2.0	30.25	1.0	0.8	1.0	1.19490152E8	5.118955	0.358125	0.25	2666.4477483	0.002304	7.95E-4	1.05E-4	4.2625	1.2E-5	0.2	0.2	0.5	40.0	0.55	5.0	0.1	1.5	0.2802	-505.3	0.1324	-11.14	0.004	1050.0	1.5	300.0	0.25	0.6	0.55	0.54	0.036	0.0031	4850.0	1.8751539396141E-7	4.0503325095665E-8	2.1441532959301E7	Function evaluation successful.
87	87	1	0.27450596784527104	0.25	1.7	70.0	35.0	1.0	3.0	7.400000000000001E-5	133322.387415	1999835.811225	1999835.811225	0.0162625	7.6875E-4	0.14	0.13	0.45	0.08	1.0	0.1	0.05	0.15	0.125	0.90375	1.06	2.0	30.25	1.0	0.8	1.0	1.19490152E8	5.118955	0.358125	0.25	2666.4477483	0.002304	7.95E-4	1.05E-4	4.2625	1.2E-5	0.2	0.2	0.5	40.0	0.5	4.5	0.1	1.5	0.2802	-505.3	0.1324	-11.14	0.004	1050.0	1.5	300.0	0.25	0.6	0.55	0.54	0.036	0.0031	4850.0	1.8751539396141E-7	4.0503325095665E-8	2.1441532959301E7	Function evaluation successful.
88	88	1	0.2745058742560629	0.25	1.7	70.0	35.0	1.0	3.0	7.400000000000001E-5	133322.387415	1999835.811225	1999835.811225	0.0162625	7.6875E-4	0.14	0.13	0.45	0.08	1.0	0.1	0.05	0.15	0.125	0.90375	1.06	2.0	30.25	1.0	0.8	1.0	1.19490152E8	5.118955	0.358125	0.25	2666.4477483	0.002304	7.95E-4	1.05E-4	4.2625	1.2E-5	0.2	0.2	0.5	40.0	0.5	5.5	0.1	1.5	0.2802	-505.3	0.1324	-11.14	0.004	1050.0	1.5	300.0	0.25	0.6	0.55	0.54	0.036	0.0031	4850.0	1.8751539396141E-7	4.0503325095665E-8	2.1441532959301E7	Function evaluation successful.
89	89	1	0.2744824989218287	0.25	1.7	70.0	35.0	1.0	3.0	7.400000000000001E-5	133322.387415	1999835.811225	1999835.811225	0.0162625	7.6875E-4	0.14	0.13	0.45	0.08	1.0	0.1	0.05	0.15	0.125	0.90375	1.06	2.0	30.25	1.0	0.8	1.0	1.19490152E8	5.118955	0.358125	0.25	2666.4477483	0.002304	7.95E-4	1.05E-4	4.2625	1.2E-5	0.2	0.2	0.5	40.0	0.5	5.0	0.09000000000000001	1.5	0.2802	-505.3	0.1324	-11.14	0.004	1050.0	1.5	300.0	0.25	0.6	0.55	0.54	0.036	0.0031	4850.0	1.8751539396141E-7	4.0503325095665E-8	2.1441532959301E7	Function evaluation successful.
90	90	1	0.27452121353185477	0.25	1.7	70.0	35.0	1.0	3.0	7.400000000000001E-5	133322.387415	1999835.811225	1999835.811225	0.0162625	7.6875E-4	0.14	0.13	0.45	0.08	1.0	0.1	0.05	0.15	0.125	0.90375	1.06	2.0	30.25	1.0	0.8	1.0	1.19490152E8	5.118955	0.358125	0.25	2666.4477483	0.002304	7.95E-4	1.05E-4	4.2625	1.2E-5	0.2	0.2	0.5	40.0	0.5	5.0	0.11	1.5	0.2802	-505.3	0.1324	-11.14	0.004	1050.0	1.5	300.0	0.25	0.6	0.55	0.54	0.036	0.0031	4850.0	1.8751539396141E-7	4.0503325095665E-8	2.1441532959301E7	Function evaluation successful.
91	91	1	0.2963081457332312	0.25	1.7	70.0	35.0	1.0	3.0	7.400000000000001E-5	133322.387415	1999835.811225	1999835.811225	0.0162625	7.6875E-4	0.14	0.13	0.45	0.08	1.0	0.1	0.05	0.15	0.125	0.90375	1.06	2.0	30.25	1.0	0.8	1.0	1.19490152E8	5.118955	0.358125	0.25	2666.4477483	0.002304	7.95E-4	1.05E-4	4.2625	1.2E-5	0.2	0.2	0.5	40.0	0.5	5.0	0.1	1.35	0.2802	-505.3	0.1324	-11.14	0.004	1050.0	1.5	300.0	0.25	0.6	0.55	0.54	0.036	0.0031	4850.0	1.8751539396141E-7	4.0503325095665E-8	2.1441532959301E7	Function evaluation successful.
92	92	1	0.26418404950013713	0.25	1.7	70.0	35.0	1.0	3.0	7.400000000000001E-5	133322.387415	1999835.811225	1999835.811225	0.0162625	7.6875E-4	0.14	0.13	0.45	0.08	1.0	0.1	0.05	0.15	0.125	0.90375	1.06	2.0	30.25	1.0	0.8	1.0	1.19490152E8	5.118955	0.358125	0.25	2666.4477483	0.002304	7.95E-4	1.05E-4	4.2625	1.2E-5	0.2	0.2	0.5	40.0	0.5	5.0	0.1	1.65	0.2802	-505.3	0.1324	-11.14	0.004	1050.0	1.5	300.0	0.25	0.6	0.55	0.54	0.036	0.0031	4850.0	1.8751539396141E-7	4.0503325095665E-8	2.1441532959301E7	Function evaluation successful.
93	93	1	0.27450879197761147	0.25	1.7	70.0	35.0	1.0	3.0	7.400000000000001E-5	133322.387415	1999835.811225	1999835.811225	0.0162625	7.6875E-4	0.14	0.13	0.45	0.08	1.0	0.1	0.05	0.15	0.125	0.90375	1.06	2.0	30.25	1.0	0.8	1.0	1.19490152E8	5.118955	0.358125	0.25	2666.4477483	0.002304	7.95E-4	1.05E-4	4.2625	1.2E-5	0.2	0.2	0.5	40.0	0.5	5.0	0.1	1.5	0.25218	-505.3	0.1324	-11.14	0.004	1050.0	1.5	300.0	0.25	0.6	0.55	0.54	0.036	0.0031	4850.0	1.8751539396141E-7	4.0503325095665E-8	2.1441532959301E7	Function evaluation successful.
94	94	1	0.27451163481321805	0.25	1.7	70.0	35.0	1.0	3.0	7.400000000000001E-5	133322.387415	1999835.811225	1999835.811225	0.0162625	7.6875E-4	0.14	0.13	0.45	0.08	1.0	0.1	0.05	0.15	0.125	0.90375	1.06	2.0	30.25	1.0	0.8	1.0	1.19490152E8	5.118955	0.358125	0.25	2666.4477483	0.002304	7.95E-4	1.05E-4	4.2625	1.2E-5	0.2	0.2	0.5	40.0	0.5	5.0	0.1	1.5	0.30822000000000005	-505.3	0.1324	-11.14	0.004	1050.0	1.5	300.0	0.25	0.6	0.55	0.54	0.036	0.0031	4850.0	1.8751539396141E-7	4.0503325095665E-8	2.1441532959301E7	Function evaluation successful.
95	95	1	0.2745016014282263	0.25	1.7	70.0	35.0	1.0	3.0	7.400000000000001E-5	133322.387415	1999835.811225	1999835.811225	0.0162625	7.6875E-4	0.14	0.13	0.45	0.08	1.0	0.1	0.05	0.15	0.125	0.90375	1.06	2.0	30.25	1.0	0.8	1.0	1.19490152E8	5.118955	0.358125	0.25	2666.4477483	0.002304	7.95E-4	1.05E-4	4.2625	1.2E-5	0.2	0.2	0.5	40.0	0.5	5.0	0.1	1.5	0.2802	-454.77	0.1324	-11.14	0.004	1050.0	1.5	300.0	0.25	0.6	0.55	0.54	0.036	0.0031	4850.0	1.8751539396141E-7	4.0503325095665E-8	2.1441532959301E7	Function evaluation successful.
96	96	1	0.2745062335261568	0.25	1.7	70.0	35.0	1.0	3.0	7.400000000000001E-5	133322.387415	1999835.811225	1999835.811225	0.0162625	7.6875E-4	0.14	0.13	0.45	0.08	1.0	0.1	0.05	0.15	0.125	0.90375	1.06	2.0	30.25	1.0	0.8	1.0	1.19490152E8	5.118955	0.358125	0.25	2666.4477483	0.002304	7.95E-4	1.05E-4	4.2625	1.2E-5	0.2	0.2	0.5	40.0	0.5	5.0	0.1	1.5	0.2802	-555.83	0.1324	-11.14	0.004	1050.0	1.5	300.0	0.25	0.6	0.55	0.54	0.036	0.0031	4850.0	1.8751539396141E-7	4.0503325095665E-8	2.1441532959301E7	Function evaluation successful.
97	97	1	0.27450327281286535	0.25	1.7	70.0	35.0	1.0	3.0	7.400000000000001E-5	133322.387415	1999835.811225	1999835.811225	0.0162625	7.6875E-4	0.14	0.13	0.45	0.08	1.0	0.1	0.05	0.15	0.125	0.90375	1.06	2.0	30.25	1.0	0.8	1.0	1.19490152E8	5.118955	0.358125	0.25	2666.4477483	0.002304	7.95E-4	1.05E-4	4.2625	1.2E-5	0.2	0.2	0.5	40.0	0.5	5.0	0.1	1.5	0.2802	-505.3	0.11916	-11.14	0.004	1050.0	1.5	300.0	0.25	0.6	0.55	0.54	0.036	0.0031	4850.0	1.8751539396141E-7	4.0503325095665E-8	2.1441532959301E7	Function evaluation successful.
98	98	1	0.27450189021307775	0.25	1.7	70.0	35.0	1.0	3.0	7.400000000000001E-5	133322.387415	1999835.811225	1999835.811225	0.0162625	7.6875E-4	0.14	0.13	0.45	0.08	1.0	0.1	0.05	0.15	0.125	0.90375	1.06	2.0	30.25	1.0	0.8	1.0	1.19490152E8	5.118955	0.358125	0.25	2666.4477483	0.002304	7.95E-4	1.05E-4	4.2625	1.2E-5	0.2	0.2	0.5	40.0	0.5	5.0	0.1	1.5	0.2802	-505.3	0.14564	-11.14	0.004	1050.0	1.5	300.0	0.25	0.6	0.55	0.54	0.036	0.0031	4850.0	1.8751539396141E-7	4.0503325095665E-8	2.1441532959301E7	Function evaluation successful.
99	99	1	0.2745036290451802	0.25	1.7	70.0	35.0	1.0	3.0	7.400000000000001E-5	133322.387415	1999835.811225	1999835.811225	0.0162625	7.6875E-4	0.14	0.13	0.45	0.08	1.0	0.1	0.05	0.15	0.125	0.90375	1.06	2.0	30.25	1.0	0.8	1.0	1.19490152E8	5.118955	0.358125	0.25	2666.4477483	0.002304	7.95E-4	1.05E-4	4.2625	1.2E-5	0.2	0.2	0.5	40.0	0.5	5.0	0.1	1.5	0.2802	-505.3	0.1324	-10.026000000000002	0.004	1050.0	1.5	300.0	0.25	0.6	0.55	0.54	0.036	0.0031	4850.0	1.8751539396141E-7	4.0503325095665E-8	2.1441532959301E7	Function evaluation successful.
100	100	1	0.2745048692068554	0.25	1.7	70.0	35.0	1.0	3.0	7.400000000000001E-5	133322.387415	1999835.811225	1999835.811225	0.0162625	7.6875E-4	0.14	0.13	0.45	0.08	1.0	0.1	0.05	0.15	0.125	0.90375	1.06	2.0	30.25	1.0	0.8	1.0	1.19490152E8	5.118955	0.358125	0.25	2666.4477483	0.002304	7.95E-4	1.05E-4	4.2625	1.2E-5	0.2	0.2	0.5	40.0	0.5	5.0	0.1	1.5	0.2802	-505.3	0.1324	-12.254	0.004	1050.0	1.5	300.0	0.25	0.6	0.55	0.54	0.036	0.0031	4850.0	1.8751539396141E-7	4.0503325095665E-8	2.1441532959301E7	Function evaluation successful.
101	101	1	0.27450418273035626	0.25	1.7	70.0	35.0	1.0	3.0	7.400000000000001E-5	133322.387415	1999835.811225	1999835.811225	0.0162625	7.6875E-4	0.14	0.13	0.45	0.08	1.0	0.1	0.05	0.15	0.125	0.90375	1.06	2.0	30.25	1.0	0.8	1.0	1.19490152E8	5.118955	0.358125	0.25	2666.4477483	0.002304	7.95E-4	1.05E-4	4.2625	1.2E-5	0.2	0.2	0.5	40.0	0.5	5.0	0.1	1.5	0.2802	-505.3	0.1324	-11.14	0.0036000000000000003	1050.0	1.5	300.0	0.25	0.6	0.55	0.54	0.036	0.0031	4850.0	1.8751539396141E-7	4.0503325095665E-8	2.1441532959301E7	Function evaluation successful.
102	102	1	0.2745043405230547	0.25	1.7	70.0	35.0	1.0	3.0	7.400000000000001E-5	133322.387415	1999835.811225	1999835.811225	0.0162625	7.6875E-4	0.14	0.13	0.45	0.08	1.0	0.1	0.05	0.15	0.125	0.90375	1.06	2.0	30.25	1.0	0.8	1.0	1.19490152E8	5.118955	0.358125	0.25	2666.4477483	0.002304	7.95E-4	1.05E-4	4.2625	1.2E-5	0.2	0.2	0.5	40.0	0.5	5.0	0.1	1.5	0.2802	-505.3	0.1324	-11.14	0.0044	1050.0	1.5	300.0	0.25	0.6	0.55	0.54	0.036	0.0031	4850.0	1.8751539396141E-7	4.0503325095665E-8	2.1441532959301E7	Function evaluation successful.
103	103	1	0.2744995739497977	0.25	1.7	70.0	35.0	1.0	3.0	7.400000000000001E-5	133322.387415	1999835.811225	1999835.811225	0.0162625	7.6875E-4	0.14	0.13	0.45	0.08	1.0	0.1	0.05	0.15	0.125	0.90375	1.06	2.0	30.25	1.0	0.8	1.0	1.19490152E8	5.118955	0.358125	0.25	2666.4477483	0.002304	7.95E-4	1.05E-4	4.2625	1.2E-5	0.2	0.2	0.5	40.0	0.5	5.0	0.1	1.5	0.2802	-505.3	0.1324	-11.14	0.004	945.0	1.5	300.0	0.25	0.6	0.55	0.54	0.036	0.0031	4850.0	1.8751539396141E-7	4.0503325095665E-8	2.1441532959301E7	Function evaluation successful.
104	104	1	0.27450203861013167	0.25	1.7	70.0	35.0	1.0	3.0	7.400000000000001E-5	133322.387415	1999835.811225	1999835.811225	0.0162625	7.6875E-4	0.14	0.13	0.45	0.08	1.0	0.1	0.05	0.15	0.125	0.90375	1.06	2.0	30.25	1.0	0.8	1.0	1.19490152E8	5.118955	0.358125	0.25	2666.4477483	0.002304	7.95E-4	1.05E-4	4.2625	1.2E-5	0.2	0.2	0.5	40.0	0.5	5.0	0.1	1.5	0.2802	-505.3	0.1324	-11.14	0.004	1155.0	1.5	300.0	0.25	0.6	0.55	0.54	0.036	0.0031	4850.0	1.8751539396141E-7	4.0503325095665E-8	2.1441532959301E7	Function evaluation successful.
105	105	1	0.274505955200264	0.25	1.7	70.0	35.0	1.0	3.0	7.400000000000001E-5	133322.387415	1999835.811225	1999835.811225	0.0162625	7.6875E-4	0.14	0.13	0.45	0.08	1.0	0.1	0.05	0.15	0.125	0.90375	1.06	2.0	30.25	1.0	0.8	1.0	1.19490152E8	5.118955	0.358125	0.25	2666.4477483	0.002304	7.95E-4	1.05E-4	4.2625	1.2E-5	0.2	0.2	0.5	40.0	0.5	5.0	0.1	1.5	0.2802	-505.3	0.1324	-11.14	0.004	1050.0	1.35	300.0	0.25	0.6	0.55	0.54	0.036	0.0031	4850.0	1.8751539396141E-7	4.0503325095665E-8	2.1441532959301E7	Function evaluation successful.
106	106	1	0.27450222045722383	0.25	1.7	70.0	35.0	1.0	3.0	7.400000000000001E-5	133322.387415	1999835.811225	1999835.811225	0.0162625	7.6875E-4	0.14	0.13	0.45	0.08	1.0	0.1	0.05	0.15	0.125	0.90375	1.06	2.0	30.25	1.0	0.8	1.0	1.19490152E8	5.118955	0.358125	0.25	2666.4477483	0.002304	7.95E-4	1.05E-4	4.2625	1.2E-5	0.2	0.2	0.5	40.0	0.5	5.0	0.1	1.5	0.2802	-505.3	0.1324	-11.14	0.004	1050.0	1.65	300.0	0.25	0.6	0.55	0.54	0.036	0.0031	4850.0	1.8751539396141E-7	4.0503325095665E-8	2.1441532959301E7	Function evaluation successful.
107	107	1	0.27231026065495906	0.25	1.7	70.0	35.0	1.0	3.0	7.400000000000001E-5	133322.387415	1999835.811225	1999835.811225	0.0162625	7.6875E-4	0.14	0.13	0.45	0.08	1.0	0.1	0.05	0.15	0.125	0.90375	1.06	2.0	30.25	1.0	0.8	1.0	1.19490152E8	5.118955	0.358125	0.25	2666.4477483	0.002304	7.95E-4	1.05E-4	4.2625	1.2E-5	0.2	0.2	0.5	40.0	0.5	5.0	0.1	1.5	0.2802	-505.3	0.1324	-11.14	0.004	1050.0	1.5	270.0	0.25	0.6	0.55	0.54	0.036	0.0031	4850.0	1.8751539396141E-7	4.0503325095665E-8	2.1441532959301E7	Function evaluation successful.
108	108	1	0.2763697223720276	0.25	1.7	70.0	35.0	1.0	3.0	7.400000000000001E-5	133322.387415	1999835.811225	1999835.811225	0.0162625	7.6875E-4	0.14	0.13	0.45	0.08	1.0	0.1	0.05	0.15	0.125	0.90375	1.06	2.0	30.25	1.0	0.8	1.0	1.19490152E8	5.118955	0.358125	0.25	2666.4477483	0.002304	7.95E-4	1.05E-4	4.2625	1.2E-5	0.2	0.2	0.5	40.0	0.5	5.0	0.1	1.5	0.2802	-505.3	0.1324	-11.14	0.004	1050.0	1.5	330.0	0.25	0.6	0.55	0.54	0.036	0.0031	4850.0	1.8751539396141E-7	4.0503325095665E-8	2.1441532959301E7	Function evaluation successful.
109	109	1	0.3528152183385768	0.25	1.7	70.0	35.0	1.0	3.0	7.400000000000001E-5	133322.387415	1999835.811225	1999835.811225	0.0162625	7.6875E-4	0.14	0.13	0.45	0.08	1.0	0.1	0.05	0.15	0.125	0.90375	1.06	2.0	30.25	1.0	0.8	1.0	1.19490152E8	5.118955	0.358125	0.25	2666.4477483	0.002304	7.95E-4	1.05E-4	4.2625	1.2E-5	0.2	0.2	0.5	40.0	0.5	5.0	0.1	1.5	0.2802	-505.3	0.1324	-11.14	0.004	1050.0	1.5	300.0	0.225	0.6	0.55	0.54	0.036	0.0031	4850.0	1.8751539396141E-7	4.0503325095665E-8	2.1441532959301E7	Function evaluation successful.
110	110	1	0.3088578071394943	0.25	1.7	70.0	35.0	1.0	3.0	7.400000000000001E-5	133322.387415	1999835.811225	1999835.811225	0.0162625	7.6875E-4	0.14	0.13	0.45	0.08	1.0	0.1	0.05	0.15	0.125	0.90375	1.06	2.0	30.25	1.0	0.8	1.0	1.19490152E8	5.118955	0.358125	0.25	2666.4477483	0.002304	7.95E-4	1.05E-4	4.2625	1.2E-5	0.2	0.2	0.5	40.0	0.5	5.0	0.1	1.5	0.2802	-505.3	0.1324	-11.14	0.004	1050.0	1.5	300.0	0.275	0.6	0.55	0.54	0.036	0.0031	4850.0	1.8751539396141E-7	4.0503325095665E-8	2.1441532959301E7	Function evaluation successful.
111	111	1	0.32031893038532644	0.25	1.7	70.0	35.0	1.0	3.0	7.400000000000001E-5	133322.387415	1999835.811225	1999835.811225	0.0162625	7.6875E-4	0.14	0.13	0.45	0.08	1.0	0.1	0.05	0.15	0.125	0.90375	1.06	2.0	30.25	1.0	0.8	1.0	1.19490152E8	5.118955	0.358125	0.25	2666.4477483	0.002304	7.95E-4	1.05E-4	4.2625	1.2E-5	0.2	0.2	0.5	40.0	0.5	5.0	0.1	1.5	0.2802	-505.3	0.1324	-11.14	0.004	1050.0	1.5	300.0	0.25	0.54	0.55	0.54	0.036	0.0031	4850.0	1.8751539396141E-7	4.0503325095665E-8	2.1441532959301E7	Function evaluation successful.
112	112	1	0.27347306410910466	0.25	1.7	70.0	35.0	1.0	3.0	7.400000000000001E-5	133322.387415	1999835.811225	1999835.811225	0.0162625	7.6875E-4	0.14	0.13	0.45	0.08	1.0	0.1	0.05	0.15	0.125	0.90375	1.06	2.0	30.25	1.0	0.8	1.0	1.19490152E8	5.118955	0.358125	0.25	2666.4477483	0.002304	7.95E-4	1.05E-4	4.2625	1.2E-5	0.2	0.2	0.5	40.0	0.5	5.0	0.1	1.5	0.2802	-505.3	0.1324	-11.14	0.004	1050.0	1.5	300.0	0.25	0.66	0.55	0.54	0.036	0.0031	4850.0	1.8751539396141E-7	4.0503325095665E-8	2.1441532959301E7	Function evaluation successful.
113	113	1	0.3116958400431662	0.25	1.7	70.0	35.0	1.0	3.0	7.400000000000001E-5	133322.387415	1999835.811225	1999835.811225	0.0162625	7.6875E-4	0.14	0.13	0.45	0.08	1.0	0.1	0.05	0.15	0.125	0.90375	1.06	2.0	30.25	1.0	0.8	1.0	1.19490152E8	5.118955	0.358125	0.25	2666.4477483	0.002304	7.95E-4	1.05E-4	4.2625	1.2E-5	0.2	0.2	0.5	40.0	0.5	5.0	0.1	1.5	0.2802	-505.3	0.1324	-11.14	0.004	1050.0	1.5	300.0	0.25	0.6	0.4950000000000001	0.54	0.036	0.0031	4850.0	1.8751539396141E-7	4.0503325095665E-8	2.1441532959301E7	Function evaluation successful.
114	114	1	0.3008813121960713	0.25	1.7	70.0	35.0	1.0	3.0	7.400000000000001E-5	133322.387415	1999835.811225	1999835.811225	0.0162625	7.6875E-4	0.14	0.13	0.45	0.08	1.0	0.1	0.05	0.15	0.125	0.90375	1.06	2.0	30.25	1.0	0.8	1.0	1.19490152E8	5.118955	0.358125	0.25	2666.4477483	0.002304	7.95E-4	1.05E-4	4.2625	1.2E-5	0.2	0.2	0.5	40.0	0.5	5.0	0.1	1.5	0.2802	-505.3	0.1324	-11.14	0.004	1050.0	1.5	300.0	0.25	0.6	0.6050000000000001	0.54	0.036	0.0031	4850.0	1.8751539396141E-7	4.0503325095665E-8	2.1441532959301E7	Function evaluation successful.
115	115	1	0.2729871618914394	0.25	1.7	70.0	35.0	1.0	3.0	7.400000000000001E-5	133322.387415	1999835.811225	1999835.811225	0.0162625	7.6875E-4	0.14	0.13	0.45	0.08	1.0	0.1	0.05	0.15	0.125	0.90375	1.06	2.0	30.25	1.0	0.8	1.0	1.19490152E8	5.118955	0.358125	0.25	2666.4477483	0.002304	7.95E-4	1.05E-4	4.2625	1.2E-5	0.2	0.2	0.5	40.0	0.5	5.0	0.1	1.5	0.2802	-505.3	0.1324	-11.14	0.004	1050.0	1.5	300.0	0.25	0.6	0.55	0.486	0.036	0.0031	4850.0	1.8751539396141E-7	4.0503325095665E-8	2.1441532959301E7	Function evaluation successful.
116	116	1	0.28662369156042233	0.25	1.7	70.0	35.0	1.0	3.0	7.400000000000001E-5	133322.387415	1999835.811225	1999835.811225	0.0162625	7.6875E-4	0.14	0.13	0.45	0.08	1.0	0.1	0.05	0.15	0.125	0.90375	1.06	2.0	30.25	1.0	0.8	1.0	1.19490152E8	5.118955	0.358125	0.25	2666.4477483	0.002304	7.95E-4	1.05E-4	4.2625	1.2E-5	0.2	0.2	0.5	40.0	0.5	5.0	0.1	1.5	0.2802	-505.3	0.1324	-11.14	0.004	1050.0	1.5	300.0	0.25	0.6	0.55	0.5940000000000001	0.036	0.0031	4850.0	1.8751539396141E-7	4.0503325095665E-8	2.1441532959301E7	Function evaluation successful.
117	117	1	0.30840434794952487	0.25	1.7	70.0	35.0	1.0	3.0	7.400000000000001E-5	133322.387415	1999835.811225	1999835.811225	0.0162625	7.6875E-4	0.14	0.13	0.45	0.08	1.0	0.1	0.05	0.15	0.125	0.90375	1.06	2.0	30.25	1.0	0.8	1.0	1.19490152E8	5.118955	0.358125	0.25	2666.4477483	0.002304	7.95E-4	1.05E-4	4.2625	1.2E-5	0.2	0.2	0.5	40.0	0.5	5.0	0.1	1.5	0.2802	-505.3	0.1324	-11.14	0.004	1050.0	1.5	300.0	0.25	0.6	0.55	0.54	0.0324	0.0031	4850.0	1.8751539396141E-7	4.0503325095665E-8	2.1441532959301E7	Function evaluation successful.
118	118	1	0.3545609191865886	0.25	1.7	70.0	35.0	1.0	3.0	7.400000000000001E-5	133322.387415	1999835.811225	1999835.811225	0.0162625	7.6875E-4	0.14	0.13	0.45	0.08	1.0	0.1	0.05	0.15	0.125	0.90375	1.06	2.0	30.25	1.0	0.8	1.0	1.19490152E8	5.118955	0.358125	0.25	2666.4477483	0.002304	7.95E-4	1.05E-4	4.2625	1.2E-5	0.2	0.2	0.5	40.0	0.5	5.0	0.1	1.5	0.2802	-505.3	0.1324	-11.14	0.004	1050.0	1.5	300.0	0.25	0.6	0.55	0.54	0.0396	0.0031	4850.0	1.8751539396141E-7	4.0503325095665E-8	2.1441532959301E7	Function evaluation successful.
119	119	1	0.31819343697893365	0.25	1.7	70.0	35.0	1.0	3.0	7.400000000000001E-5	133322.387415	1999835.811225	1999835.811225	0.0162625	7.6875E-4	0.14	0.13	0.45	0.08	1.0	0.1	0.05	0.15	0.125	0.90375	1.06	2.0	30.25	1.0	0.8	1.0	1.19490152E8	5.118955	0.358125	0.25	2666.4477483	0.002304	7.95E-4	1.05E-4	4.2625	1.2E-5	0.2	0.2	0.5	40.0	0.5	5.0	0.1	1.5	0.2802	-505.3	0.1324	-11.14	0.004	1050.0	1.5	300.0	0.25	0.6	0.55	0.54	0.036	0.00279	4850.0	1.8751539396141E-7	4.0503325095665E-8	2.1441532959301E7	Function evaluation successful.
120	120	1	0.34636371638675234	0.25	1.7	70.0	35.0	1.0	3.0	7.400000000000001E-5	133322.387415	1999835.811225	1999835.811225	0.0162625	7.6875E-4	0.14	0.13	0.45	0.08	1.0	0.1	0.05	0.15	0.125	0.90375	1.06	2.0	30.25	1.0	0.8	1.0	1.19490152E8	5.118955	0.358125	0.25	2666.4477483	0.002304	7.95E-4	1.05E-4	4.2625	1.2E-5	0.2	0.2	0.5	40.0	0.5	5.0	0.1	1.5	0.2802	-505.3	0.1324	-11.14	0.004	1050.0	1.5	300.0	0.25	0.6	0.55	0.54	0.036	0.0034100000000000003	4850.0	1.8751539396141E-7	4.0503325095665E-8	2.1441532959301E7	Function evaluation successful.
121	121	1	0.27449745227829436	0.25	1.7	70.0	35.0	1.0	3.0	7.400000000000001E-5	133322.387415	1999835.811225	1999835.811225	0.0162625	7.6875E-4	0.14	0.13	0.45	0.08	1.0	0.1	0.05	0.15	0.125	0.90375	1.06	2.0	30.25	1.0	0.8	1.0	1.19490152E8	5.118955	0.358125	0.25	2666.4477483	0.002304	7.95E-4	1.05E-4	4.2625	1.2E-5	0.2	0.2	0.5	40.0	0.5	5.0	0.1	1.5	0.2802	-505.3	0.1324	-11.14	0.004	1050.0	1.5	300.0	0.25	0.6	0.55	0.54	0.036	0.0031	4365.0	1.8751539396141E-7	4.0503325095665E-8	2.1441532959301E7	Function evaluation successful.
122	122	1	0.2745019480456246	0.25	1.7	70.0	35.0	1.0	3.0	7.400000000000001E-5	133322.387415	1999835.811225	1999835.811225	0.0162625	7.6875E-4	0.14	0.13	0.45	0.08	1.0	0.1	0.05	0.15	0.125	0.90375	1.06	2.0	30.25	1.0	0.8	1.0	1.19490152E8	5.118955	0.358125	0.25	2666.4477483	0.002304	7.95E-4	1.05E-4	4.2625	1.2E-5	0.2	0.2	0.5	40.0	0.5	5.0	0.1	1.5	0.2802	-505.3	0.1324	-11.14	0.004	1050.0	1.5	300.0	0.25	0.6	0.55	0.54	0.036	0.0031	5335.0	1.8751539396141E-7	4.0503325095665E-8	2.1441532959301E7	Function evaluation successful.
123	123	1	0.3369212680229943	0.25	1.7	70.0	35.0	1.0	3.0	7.400000000000001E-5	133322.387415	1999835.811225	1999835.811225	0.0162625	7.6875E-4	0.14	0.13	0.45	0.08	1.0	0.1	0.05	0.15	0.125	0.90375	1.06	2.0	30.25	1.0	0.8	1.0	1.19490152E8	5.118955	0.358125	0.25	2666.4477483	0.002304	7.95E-4	1.05E-4	4.2625	1.2E-5	0.2	0.2	0.5	40.0	0.5	5.0	0.1	1.5	0.2802	-505.3	0.1324	-11.14	0.004	1050.0	1.5	300.0	0.25	0.6	0.55	0.54	0.036	0.0031	4850.0	1.68763854565269E-7	4.0503325095665E-8	2.1441532959301E7	Function evaluation successful.
124	124	1	0.3248777208597008	0.25	1.7	70.0	35.0	1.0	3.0	7.400000000000001E-5	133322.387415	1999835.811225	1999835.811225	0.0162625	7.6875E-4	0.14	0.13	0.45	0.08	1.0	0.1	0.05	0.15	0.125	0.90375	1.06	2.0	30.25	1.0	0.8	1.0	1.19490152E8	5.118955	0.358125	0.25	2666.4477483	0.002304	7.95E-4	1.05E-4	4.2625	1.2E-5	0.2	0.2	0.5	40.0	0.5	5.0	0.1	1.5	0.2802	-505.3	0.1324	-11.14	0.004	1050.0	1.5	300.0	0.25	0.6	0.55	0.54	0.036	0.0031	4850.0	2.0626693335755098E-7	4.0503325095665E-8	2.1441532959301E7	Function evaluation successful.
125	125	1	0.31909312499194464	0.25	1.7	70.0	35.0	1.0	3.0	7.400000000000001E-5	133322.387415	1999835.811225	1999835.811225	0.0162625	7.6875E-4	0.14	0.13	0.45	0.08	1.0	0.1	0.05	0.15	0.125	0.90375	1.06	2.0	30.25	1.0	0.8	1.0	1.19490152E8	5.118955	0.358125	0.25	2666.4477483	0.002304	7.95E-4	1.05E-4	4.2625	1.2E-5	0.2	0.2	0.5	40.0	0.5	5.0	0.1	1.5	0.2802	-505.3	0.1324	-11.14	0.004	1050.0	1.5	300.0	0.25	0.6	0.55	0.54	0.036	0.0031	4850.0	1.8751539396141E-7	3.6452992586098505E-8	2.1441532959301E7	Function evaluation successful.
126	126	1	0.27324874386684117	0.25	1.7	70.0	35.0	1.0	3.0	7.400000000000001E-5	133322.387415	1999835.811225	1999835.811225	0.0162625	7.6875E-4	0.14	0.13	0.45	0.08	1.0	0.1	0.05	0.15	0.125	0.90375	1.06	2.0	30.25	1.0	0.8	1.0	1.19490152E8	5.118955	0.358125	0.25	2666.4477483	0.002304	7.95E-4	1.05E-4	4.2625	1.2E-5	0.2	0.2	0.5	40.0	0.5	5.0	0.1	1.5	0.2802	-505.3	0.1324	-11.14	0.004	1050.0	1.5	300.0	0.25	0.6	0.55	0.54	0.036	0.0031	4850.0	1.8751539396141E-7	4.455365760523151E-8	2.1441532959301E7	Function evaluation successful.
127	127	1	0.3284337852991795	0.25	1.7	70.0	35.0	1.0	3.0	7.400000000000001E-5	133322.387415	1999835.811225	1999835.811225	0.0162625	7.6875E-4	0.14	0.13	0.45	0.08	1.0	0.1	0.05	0.15	0.125	0.90375	1.06	2.0	30.25	1.0	0.8	1.0	1.19490152E8	5.118955	0.358125	0.25	2666.4477483	0.002304	7.95E-4	1.05E-4	4.2625	1.2E-5	0.2	0.2	0.5	40.0	0.5	5.0	0.1	1.5	0.2802	-505.3	0.1324	-11.14	0.004	1050.0	1.5	300.0	0.25	0.6	0.55	0.54	0.036	0.0031	4850.0	1.8751539396141E-7	4.0503325095665E-8	1.92973796633709E7	Function evaluation successful.
128	128	1	0.3145601256534695	0.25	1.7	70.0	35.0	1.0	3.0	7.400000000000001E-5	133322.387415	1999835.811225	1999835.811225	0.0162625	7.6875E-4	0.14	0.13	0.45	0.08	1.0	0.1	0.05	0.15	0.125	0.90375	1.06	2.0	30.25	1.0	0.8	1.0	1.19490152E8	5.118955	0.358125	0.25	2666.4477483	0.002304	7.95E-4	1.05E-4	4.2625	1.2E-5	0.2	0.2	0.5	40.0	0.5	5.0	0.1	1.5	0.2802	-505.3	0.1324	-11.14	0.004	1050.0	1.5	300.0	0.25	0.6	0.55	0.54	0.036	0.0031	4850.0	1.8751539396141E-7	4.0503325095665E-8	2.35856862552311E7	Function evaluation successful.
